imagem,real,pred,confidence,correta,olhos,nariz,boca,fundo
data/dataset_10/val\Abdullah_Gul\Abdullah_Gul_0001.jpg,Abdullah_Gul,Abdullah_Gul,0.9590592384338379,1,10.35814697578897,10.88460251784725,18.936712758666477,59.82053774769731
data/dataset_10/val\Abdullah_Gul\Abdullah_Gul_0004.jpg,Abdullah_Gul,Abdullah_Gul,0.9731572866439819,1,9.43303495775627,12.480266502121529,19.963849903677414,58.122848636444786
data/dataset_10/val\Abdullah_Gul\Abdullah_Gul_0008.jpg,Abdullah_Gul,Abdullah_Gul,0.9806617498397827,1,8.719163481399011,11.304111382194431,20.126505854168975,59.85021928223758
data/dataset_10/val\Abdullah_Gul\Abdullah_Gul_0009.jpg,Abdullah_Gul,Abdullah_Gul,0.9659932255744934,1,11.504055314284566,13.630638925670862,18.149534157287686,56.71577160275689
data/dataset_10/val\Adrien_Brody\Adrien_Brody_0001.jpg,Adrien_Brody,Adrien_Brody,0.7822626233100891,1,9.527542691769499,11.475627659498281,17.44048708147141,61.556342567260806
data/dataset_10/val\Adrien_Brody\Adrien_Brody_0002.jpg,Adrien_Brody,Adrien_Brody,0.3596141040325165,1,13.760981308671154,12.669806811384708,14.719964319938374,58.849247560005765
data/dataset_10/val\Adrien_Brody\Adrien_Brody_0011.jpg,Adrien_Brody,Adrien_Brody,0.38179779052734375,1,9.872984049579564,11.26776519075173,17.153272788148275,61.70597797152043
data/dataset_10/val\Alejandro_Toledo\Alejandro_Toledo_0002.jpg,Alejandro_Toledo,Alejandro_Toledo,0.8836777806282043,1,16.21248751500481,5.23684615472181,10.378483087691372,68.17218324258201
data/dataset_10/val\Alejandro_Toledo\Alejandro_Toledo_0006.jpg,Alejandro_Toledo,Alejandro_Toledo,0.9057612419128418,1,22.86542656394,11.887598915364551,6.650594365572152,58.59638015512329
data/dataset_10/val\Alejandro_Toledo\Alejandro_Toledo_0007.jpg,Alejandro_Toledo,Alejandro_Toledo,0.9752272367477417,1,19.35424527465985,9.259380284428316,10.284082463402916,61.10229197750892
data/dataset_10/val\Alejandro_Toledo\Alejandro_Toledo_0008.jpg,Alejandro_Toledo,Alejandro_Toledo,0.97557133436203,1,12.434574297784957,9.559407632278935,17.035507468028953,60.97051060190716
data/dataset_10/val\Alejandro_Toledo\Alejandro_Toledo_0009.jpg,Alejandro_Toledo,Alejandro_Toledo,0.9555313587188721,1,17.610295086890346,10.262850611863001,14.585281727074149,57.541572574172505
data/dataset_10/val\Alejandro_Toledo\Alejandro_Toledo_0015.jpg,Alejandro_Toledo,Alejandro_Toledo,0.9605596661567688,1,13.13570184968143,11.580969031126559,18.061079452684293,57.22224966650772
data/dataset_10/val\Alejandro_Toledo\Alejandro_Toledo_0016.jpg,Alejandro_Toledo,Alejandro_Toledo,0.9438344240188599,1,19.07012854956629,7.061734335615149,9.97269758400106,63.8954395308175
data/dataset_10/val\Alejandro_Toledo\Alejandro_Toledo_0018.jpg,Alejandro_Toledo,Eduardo_Duhalde,0.1815659999847412,0,12.174723314114242,14.697163651640315,16.141330196953785,56.986782837291656
data/dataset_10/val\Alvaro_Uribe\Alvaro_Uribe_0002.jpg,Alvaro_Uribe,Alvaro_Uribe,0.5546969771385193,1,20.166440257144924,14.981403987897854,9.097841576478473,55.75431417847875
data/dataset_10/val\Alvaro_Uribe\Alvaro_Uribe_0005.jpg,Alvaro_Uribe,Alvaro_Uribe,0.9873512387275696,1,18.21364025630577,14.342007037593907,12.3022225425239,55.142130163576425
data/dataset_10/val\Alvaro_Uribe\Alvaro_Uribe_0008.jpg,Alvaro_Uribe,Alvaro_Uribe,0.6988646984100342,1,21.65653034440042,10.82783908643714,5.121639805230405,62.39399076393203
data/dataset_10/val\Alvaro_Uribe\Alvaro_Uribe_0016.jpg,Alvaro_Uribe,Alvaro_Uribe,0.9672082662582397,1,17.879926969459895,13.06235254700932,11.357154404430101,57.70056607910068
data/dataset_10/val\Alvaro_Uribe\Alvaro_Uribe_0018.jpg,Alvaro_Uribe,Alvaro_Uribe,0.9282536506652832,1,17.241068357714912,9.938678019226613,10.448572870289581,62.371680752768896
data/dataset_10/val\Alvaro_Uribe\Alvaro_Uribe_0024.jpg,Alvaro_Uribe,Alvaro_Uribe,0.8970592021942139,1,20.147123974556226,14.338266128344918,10.325894005714938,55.188715891383914
data/dataset_10/val\Alvaro_Uribe\Alvaro_Uribe_0035.jpg,Alvaro_Uribe,Alvaro_Uribe,0.8180944323539734,1,19.463402979602858,10.758102713338618,8.186389133990591,61.592105173067935
data/dataset_10/val\Amelie_Mauresmo\Amelie_Mauresmo_0001.jpg,Amelie_Mauresmo,Amelie_Mauresmo,0.4617239534854889,1,19.619432106015903,8.314221955647875,10.987335295934553,61.07901064240167
data/dataset_10/val\Amelie_Mauresmo\Amelie_Mauresmo_0004.jpg,Amelie_Mauresmo,Amelie_Mauresmo,0.5720924735069275,1,16.102750586197427,9.100167897565166,12.07280412014403,62.72427739609338
data/dataset_10/val\Amelie_Mauresmo\Amelie_Mauresmo_0008.jpg,Amelie_Mauresmo,Amelie_Mauresmo,0.8504871129989624,1,20.880431141653823,10.83856286019793,9.545888778882961,58.735117219265284
data/dataset_10/val\Amelie_Mauresmo\Amelie_Mauresmo_0009.jpg,Amelie_Mauresmo,Amelie_Mauresmo,0.7516302466392517,1,18.496150350454634,7.49336214561606,11.122673575974817,62.88781392795449
data/dataset_10/val\Amelie_Mauresmo\Amelie_Mauresmo_0021.jpg,Amelie_Mauresmo,George_HW_Bush,0.08252054452896118,0,15.985739119245467,13.424478599425049,11.498636804322834,59.09114547700665
data/dataset_10/val\Andre_Agassi\Andre_Agassi_0002.jpg,Andre_Agassi,Andre_Agassi,0.9161375761032104,1,21.439191544280572,8.626471697395747,5.704361103891907,64.22997565443177
data/dataset_10/val\Andre_Agassi\Andre_Agassi_0004.jpg,Andre_Agassi,Andre_Agassi,0.6658283472061157,1,22.04250694630926,9.797206761738877,7.44738203361001,60.71290425834185
data/dataset_10/val\Andre_Agassi\Andre_Agassi_0005.jpg,Andre_Agassi,Andre_Agassi,0.6490166783332825,1,22.5836806977963,8.428707774451318,5.9332228748287825,63.0543886529236
data/dataset_10/val\Andre_Agassi\Andre_Agassi_0008.jpg,Andre_Agassi,Andre_Agassi,0.9382848143577576,1,22.80547339849689,8.454872996146591,5.711869236337678,63.02778436901884
data/dataset_10/val\Andre_Agassi\Andre_Agassi_0015.jpg,Andre_Agassi,Andre_Agassi,0.9778872132301331,1,17.687870588630023,4.289714602209005,9.732163648139197,68.29025116102177
data/dataset_10/val\Andre_Agassi\Andre_Agassi_0016.jpg,Andre_Agassi,Andre_Agassi,0.9861783981323242,1,21.767177489333626,8.02273511144252,5.43487936566048,64.77520803356337
data/dataset_10/val\Andre_Agassi\Andre_Agassi_0018.jpg,Andre_Agassi,Andre_Agassi,0.9801256060600281,1,21.60741073840807,9.566647202518132,5.874722522815239,62.951219536258556
data/dataset_10/val\Andre_Agassi\Andre_Agassi_0024.jpg,Andre_Agassi,Andre_Agassi,0.9215772151947021,1,21.655528025070566,6.685526212708097,6.0712437259597065,65.58770203626163
data/dataset_10/val\Andy_Roddick\Andy_Roddick_0001.jpg,Andy_Roddick,Andy_Roddick,0.24337588250637054,1,13.389792678589552,10.665182345878804,12.737199129610053,63.20782584592159
data/dataset_10/val\Andy_Roddick\Andy_Roddick_0002.jpg,Andy_Roddick,Andy_Roddick,0.2904965281486511,1,15.940461908821398,13.924943188667696,13.23342546809053,56.901169434420375
data/dataset_10/val\Andy_Roddick\Andy_Roddick_0011.jpg,Andy_Roddick,Andy_Roddick,0.18873968720436096,1,15.384198146417214,13.930435235229487,13.400496110048337,57.28487050830496
data/dataset_10/val\Angelina_Jolie\Angelina_Jolie_0001.jpg,Angelina_Jolie,Angelina_Jolie,0.17978447675704956,1,13.202866804788497,12.808191637478084,13.348563467241545,60.64037809049187
data/dataset_10/val\Angelina_Jolie\Angelina_Jolie_0004.jpg,Angelina_Jolie,Angelina_Jolie,0.22222556173801422,1,19.089064852661544,11.942774044263855,6.114572406884791,62.85358869618981
data/dataset_10/val\Angelina_Jolie\Angelina_Jolie_0008.jpg,Angelina_Jolie,Angelina_Jolie,0.8731539249420166,1,8.877605093288222,9.033962999399327,18.452613693493134,63.63581821381932
data/dataset_10/val\Angelina_Jolie\Angelina_Jolie_0009.jpg,Angelina_Jolie,Angelina_Jolie,0.45645344257354736,1,20.419639629455766,11.989974619670287,7.970266494308587,59.62011925656536
data/dataset_10/val\Ann_Veneman\Ann_Veneman_0001.jpg,Ann_Veneman,Ann_Veneman,0.4842628240585327,1,20.30996303048607,16.325445927888406,16.433991866616857,46.930599175008666
data/dataset_10/val\Ann_Veneman\Ann_Veneman_0002.jpg,Ann_Veneman,Ann_Veneman,0.3384821116924286,1,17.49590453836515,11.925228788713342,14.445532736302866,56.13333393661864
data/dataset_10/val\Ann_Veneman\Ann_Veneman_0011.jpg,Ann_Veneman,Ann_Veneman,0.5593506097793579,1,14.918459079176671,16.74924112627794,16.03193643048334,52.300363364062044
data/dataset_10/val\Anna_Kournikova\Anna_Kournikova_0001.jpg,Anna_Kournikova,Kim_Clijsters,0.0570811852812767,0,17.13510360188083,9.049533498505234,11.754398512026636,62.0609643875873
data/dataset_10/val\Anna_Kournikova\Anna_Kournikova_0002.jpg,Anna_Kournikova,Jennifer_Capriati,0.21642033755779266,0,7.487762236977554,3.1389764564314953,17.53114235314178,71.84211895344917
data/dataset_10/val\Anna_Kournikova\Anna_Kournikova_0011.jpg,Anna_Kournikova,Renee_Zellweger,0.11902020871639252,0,12.630031477869464,8.380066919055816,15.443576827786325,63.5463247752884
data/dataset_10/val\Ari_Fleischer\Ari_Fleischer_0001.jpg,Ari_Fleischer,Ari_Fleischer,0.29504871368408203,1,14.224967934502235,13.953319676245178,15.835776085753517,55.985936303499074
data/dataset_10/val\Ari_Fleischer\Ari_Fleischer_0002.jpg,Ari_Fleischer,Ari_Fleischer,0.9773144125938416,1,16.006339832752268,16.64441291863997,16.758036806042107,50.591210442565654
data/dataset_10/val\Ari_Fleischer\Ari_Fleischer_0011.jpg,Ari_Fleischer,Ari_Fleischer,0.9828498959541321,1,14.9931809675174,14.46438291194598,14.513120455361188,56.02931566517543
data/dataset_10/val\Ariel_Sharon\Ariel_Sharon_0004.jpg,Ariel_Sharon,Ariel_Sharon,0.98082435131073,1,12.147043821558984,8.125811816887103,20.319768434033985,59.40737592751993
data/dataset_10/val\Ariel_Sharon\Ariel_Sharon_0005.jpg,Ariel_Sharon,Ariel_Sharon,0.9860948324203491,1,11.224719235649497,12.611533565635558,18.469886418294656,57.69386078042029
data/dataset_10/val\Ariel_Sharon\Ariel_Sharon_0012.jpg,Ariel_Sharon,Ariel_Sharon,0.989614725112915,1,11.32472780886497,11.254152338358798,19.567610046656746,57.85350980611948
data/dataset_10/val\Ariel_Sharon\Ariel_Sharon_0014.jpg,Ariel_Sharon,Ariel_Sharon,0.9671531915664673,1,11.443442179565576,12.884428574572864,19.559817815307547,56.112311430554016
data/dataset_10/val\Ariel_Sharon\Ariel_Sharon_0015.jpg,Ariel_Sharon,Ariel_Sharon,0.9893900752067566,1,12.907246675287285,11.967516709078234,19.651994972437326,55.473241643197156
data/dataset_10/val\Ariel_Sharon\Ariel_Sharon_0018.jpg,Ariel_Sharon,Ariel_Sharon,0.9373844861984253,1,16.817818468798194,17.70944921252285,17.674682462730498,47.79804985594846
data/dataset_10/val\Ariel_Sharon\Ariel_Sharon_0028.jpg,Ariel_Sharon,Ariel_Sharon,0.9661452174186707,1,12.78862362610326,13.831643784772945,20.836131673589616,52.54360091553418
data/dataset_10/val\Ariel_Sharon\Ariel_Sharon_0029.jpg,Ariel_Sharon,Ariel_Sharon,0.9803711175918579,1,13.03553419698459,14.379603954565656,19.305712293772398,53.27914955467735
data/dataset_10/val\Ariel_Sharon\Ariel_Sharon_0032.jpg,Ariel_Sharon,Ariel_Sharon,0.9774935245513916,1,9.835037555209446,9.937862919819645,19.0146001601086,61.21249936486231
data/dataset_10/val\Ariel_Sharon\Ariel_Sharon_0033.jpg,Ariel_Sharon,Ariel_Sharon,0.9867618083953857,1,12.36166632499744,11.811391617228233,19.780313698280203,56.04662835949412
data/dataset_10/val\Ariel_Sharon\Ariel_Sharon_0036.jpg,Ariel_Sharon,Ariel_Sharon,0.9419323205947876,1,14.933224932098808,16.462893065305032,19.22728959514775,49.37659240744841
data/dataset_10/val\Ariel_Sharon\Ariel_Sharon_0055.jpg,Ariel_Sharon,Ariel_Sharon,0.9867891669273376,1,15.252581894228358,11.63311711182045,17.190247965067233,55.92405302888396
data/dataset_10/val\Ariel_Sharon\Ariel_Sharon_0069.jpg,Ariel_Sharon,Ariel_Sharon,0.9836996793746948,1,12.385103943043053,12.165601167762466,19.17205758158628,56.2772373076082
data/dataset_10/val\Ariel_Sharon\Ariel_Sharon_0070.jpg,Ariel_Sharon,Ariel_Sharon,0.9860011339187622,1,11.545611985297755,13.45834100846479,20.61895369578619,54.377093310451265
data/dataset_10/val\Ariel_Sharon\Ariel_Sharon_0076.jpg,Ariel_Sharon,Ariel_Sharon,0.9892053604125977,1,13.277824693258594,14.059859957402567,19.20365816460893,53.45865718472991
data/dataset_10/val\Ariel_Sharon\Ariel_Sharon_0077.jpg,Ariel_Sharon,Ariel_Sharon,0.9805371165275574,1,12.02293319448848,12.389851493783711,19.413317071723878,56.17389824000393
data/dataset_10/val\Arnold_Schwarzenegger\Arnold_Schwarzenegger_0002.jpg,Arnold_Schwarzenegger,Arnold_Schwarzenegger,0.6650701761245728,1,11.59096344864521,11.771909669188725,14.824894128417997,61.81223275374806
data/dataset_10/val\Arnold_Schwarzenegger\Arnold_Schwarzenegger_0006.jpg,Arnold_Schwarzenegger,Arnold_Schwarzenegger,0.5115225315093994,1,15.695959623106665,13.067517279080777,13.861728521251003,57.374794576561555
data/dataset_10/val\Arnold_Schwarzenegger\Arnold_Schwarzenegger_0007.jpg,Arnold_Schwarzenegger,Arnold_Schwarzenegger,0.8772215247154236,1,16.680881654707196,12.988603371237662,9.48610733896791,60.84440763508723
data/dataset_10/val\Arnold_Schwarzenegger\Arnold_Schwarzenegger_0008.jpg,Arnold_Schwarzenegger,Jiang_Zemin,0.08391989022493362,0,20.64606224420003,9.883943827622742,8.211554048664503,61.25843987951272
data/dataset_10/val\Arnold_Schwarzenegger\Arnold_Schwarzenegger_0009.jpg,Arnold_Schwarzenegger,Arnold_Schwarzenegger,0.33437973260879517,1,16.926385248667426,11.436010796025881,10.464076440179745,61.17352751512695
data/dataset_10/val\Arnold_Schwarzenegger\Arnold_Schwarzenegger_0015.jpg,Arnold_Schwarzenegger,Arnold_Schwarzenegger,0.583202600479126,1,17.364530740794326,12.930639736277179,10.754301864013998,58.950527658914496
data/dataset_10/val\Arnold_Schwarzenegger\Arnold_Schwarzenegger_0016.jpg,Arnold_Schwarzenegger,Arnold_Schwarzenegger,0.9670557379722595,1,13.040981814933604,13.691824457343591,15.703084684489484,57.56410904323332
data/dataset_10/val\Arnold_Schwarzenegger\Arnold_Schwarzenegger_0018.jpg,Arnold_Schwarzenegger,Arnold_Schwarzenegger,0.9408507943153381,1,13.717807240614869,14.208751922305911,14.765544916371592,57.30789592070763
data/dataset_10/val\Arnold_Schwarzenegger\Arnold_Schwarzenegger_0041.jpg,Arnold_Schwarzenegger,Arnold_Schwarzenegger,0.7776795029640198,1,13.47732093152824,10.910493861134782,17.898479434332092,57.71370577300489
data/dataset_10/val\Atal_Bihari_Vajpayee\Atal_Bihari_Vajpayee_0001.jpg,Atal_Bihari_Vajpayee,Atal_Bihari_Vajpayee,0.9850916266441345,1,10.879786280635109,12.050059641741122,19.509837504104862,57.560316573518904
data/dataset_10/val\Atal_Bihari_Vajpayee\Atal_Bihari_Vajpayee_0004.jpg,Atal_Bihari_Vajpayee,Atal_Bihari_Vajpayee,0.7651295065879822,1,10.176542161638945,11.991149750294586,18.121890376247013,59.71041771181945
data/dataset_10/val\Atal_Bihari_Vajpayee\Atal_Bihari_Vajpayee_0008.jpg,Atal_Bihari_Vajpayee,Atal_Bihari_Vajpayee,0.9672110676765442,1,10.866294006110174,11.67106844185033,19.30319216874462,58.15944538329487
data/dataset_10/val\Atal_Bihari_Vajpayee\Atal_Bihari_Vajpayee_0009.jpg,Atal_Bihari_Vajpayee,Atal_Bihari_Vajpayee,0.912933886051178,1,10.949419079093165,12.494876825150255,20.046223642054045,56.50948045370254
data/dataset_10/val\Atal_Bihari_Vajpayee\Atal_Bihari_Vajpayee_0021.jpg,Atal_Bihari_Vajpayee,Atal_Bihari_Vajpayee,0.5392283797264099,1,8.717778536053936,8.11338491005942,19.81880598525016,63.350030568636484
data/dataset_10/val\Bill_Clinton\Bill_Clinton_0001.jpg,Bill_Clinton,Bill_Clinton,0.9501752853393555,1,19.653142712554025,12.315110185589113,7.796491549199603,60.23525555265726
data/dataset_10/val\Bill_Clinton\Bill_Clinton_0004.jpg,Bill_Clinton,Bill_Clinton,0.9666165709495544,1,21.058748716402963,10.32592012323516,4.847797506053957,63.76753365430792
data/dataset_10/val\Bill_Clinton\Bill_Clinton_0008.jpg,Bill_Clinton,Bill_Clinton,0.9271407127380371,1,22.449507043141395,18.572989817818417,10.476232972013284,48.5012701670269
data/dataset_10/val\Bill_Clinton\Bill_Clinton_0009.jpg,Bill_Clinton,Bill_Clinton,0.8907943964004517,1,23.042652687748287,7.608244008093282,3.5703901150525534,65.77871318910587
data/dataset_10/val\Bill_Clinton\Bill_Clinton_0021.jpg,Bill_Clinton,Bill_Clinton,0.9190967679023743,1,20.846582623795012,11.481028686117257,5.2184266715111045,62.453962018576625
data/dataset_10/val\Bill_Clinton\Bill_Clinton_0024.jpg,Bill_Clinton,Bill_Clinton,0.96315997838974,1,20.323331611691273,10.59417678574341,5.30829938996907,63.77419221259625
data/dataset_10/val\Bill_Gates\Bill_Gates_0001.jpg,Bill_Gates,Bill_Gates,0.5028294920921326,1,12.303956135581267,13.105473326090308,15.48621293507931,59.10435760324911
data/dataset_10/val\Bill_Gates\Bill_Gates_0004.jpg,Bill_Gates,Bill_Gates,0.18080253899097443,1,13.40111467304107,14.595873933302515,16.732643273436135,55.270368120220276
data/dataset_10/val\Bill_Gates\Bill_Gates_0005.jpg,Bill_Gates,Bill_Gates,0.2890629172325134,1,9.138381875385637,13.211827920652494,21.48195996060172,56.16783024336016
data/dataset_10/val\Bill_Gates\Bill_Gates_0012.jpg,Bill_Gates,Bill_Gates,0.8067163228988647,1,11.864332290507749,12.837609248899996,16.524860102115,58.77319835847725
data/dataset_10/val\Bill_McBride\Bill_McBride_0001.jpg,Bill_McBride,Bill_McBride,0.6564511656761169,1,11.38808076169973,12.012023291698515,16.716365356972155,59.8835305896296
data/dataset_10/val\Bill_McBride\Bill_McBride_0002.jpg,Bill_McBride,Richard_Myers,0.09926971048116684,0,12.383373537922425,13.890136214073205,16.08666036592328,57.63982988208109
data/dataset_10/val\Bill_Simon\Bill_Simon_0001.jpg,Bill_Simon,Bill_Simon,0.8776411414146423,1,10.434518232096854,11.466511802176184,16.018271136925346,62.080698828801616
data/dataset_10/val\Bill_Simon\Bill_Simon_0002.jpg,Bill_Simon,Bill_Simon,0.7317273020744324,1,7.968409971985319,9.816225067818976,18.03137890561567,64.18398605458003
data/dataset_10/val\Bill_Simon\Bill_Simon_0011.jpg,Bill_Simon,Bill_Simon,0.8757925629615784,1,13.893240857111111,12.569491501805668,13.434353789099013,60.102913851984205
data/dataset_10/val\Britney_Spears\Britney_Spears_0001.jpg,Britney_Spears,Britney_Spears,0.6738037467002869,1,10.885228107706986,3.513939531391346,14.538938009236752,71.06189435166492
data/dataset_10/val\Britney_Spears\Britney_Spears_0002.jpg,Britney_Spears,Britney_Spears,0.2998497188091278,1,11.949720898516295,3.6676710252678024,13.872095498085727,70.51051257813018
data/dataset_10/val\Britney_Spears\Britney_Spears_0011.jpg,Britney_Spears,Britney_Spears,0.45898810029029846,1,10.18725844965811,2.8729283768502474,13.959982971440208,72.97983020205145
data/dataset_10/val\Carlos_Menem\Carlos_Menem_0001.jpg,Carlos_Menem,Carlos_Menem,0.9171018004417419,1,13.973282098895572,8.033781276251009,14.38206276676097,63.61087385809245
data/dataset_10/val\Carlos_Menem\Carlos_Menem_0004.jpg,Carlos_Menem,Carlos_Menem,0.8235836625099182,1,17.652847870722702,16.268988187319913,15.916704679853972,50.16145926210341
data/dataset_10/val\Carlos_Menem\Carlos_Menem_0008.jpg,Carlos_Menem,Carlos_Menem,0.6587578058242798,1,18.410301394060326,10.926659049484769,10.609285845905486,60.053753710549415
data/dataset_10/val\Carlos_Menem\Carlos_Menem_0009.jpg,Carlos_Menem,Carlos_Menem,0.15434587001800537,1,18.82941957208226,10.846316018345611,9.037584964222162,61.28667944534997
data/dataset_10/val\Carlos_Menem\Carlos_Menem_0021.jpg,Carlos_Menem,Carlos_Menem,0.8533910512924194,1,16.065620056018368,6.6435726790461676,13.01434122716029,64.27646603777518
data/dataset_10/val\Carlos_Moya\Carlos_Moya_0001.jpg,Carlos_Moya,Carlos_Moya,0.2061220407485962,1,18.00659791291891,13.616061059861867,11.389808862095705,56.98753216512352
data/dataset_10/val\Carlos_Moya\Carlos_Moya_0004.jpg,Carlos_Moya,Andre_Agassi,0.20792536437511444,0,13.899215245046927,13.105966403911712,15.110792481315713,57.88402586972565
data/dataset_10/val\Carlos_Moya\Carlos_Moya_0008.jpg,Carlos_Moya,Carlos_Moya,0.5794326663017273,1,20.71221319088104,10.87795142780055,8.049357444968157,60.36047793635025
data/dataset_10/val\Carlos_Moya\Carlos_Moya_0009.jpg,Carlos_Moya,Andre_Agassi,0.1597265899181366,0,11.992069423713215,8.384614164414595,14.290780388950894,65.3325360229213
data/dataset_10/val\Catherine_Zeta-Jones\Catherine_Zeta-Jones_0001.jpg,Catherine_Zeta-Jones,Catherine_Zeta-Jones,0.5045841932296753,1,4.664681838399611,5.221826823956275,24.24822391088742,65.8652674267567
data/dataset_10/val\Catherine_Zeta-Jones\Catherine_Zeta-Jones_0002.jpg,Catherine_Zeta-Jones,Catherine_Zeta-Jones,0.7642839550971985,1,9.972471212244571,5.044748444030855,16.69467080602596,68.28810953769862
data/dataset_10/val\Catherine_Zeta-Jones\Catherine_Zeta-Jones_0011.jpg,Catherine_Zeta-Jones,Angelina_Jolie,0.04664551094174385,0,15.275758965080326,1.8247175232697617,7.409353525043411,75.4901699866065
data/dataset_10/val\Charles_Moose\Charles_Moose_0001.jpg,Charles_Moose,Charles_Moose,0.8588805198669434,1,9.123968944685457,12.01984400801508,21.210452317578056,57.645734729721404
data/dataset_10/val\Charles_Moose\Charles_Moose_0002.jpg,Charles_Moose,Charles_Moose,0.4836297333240509,1,15.612473236201986,7.650018385364211,14.198060722269085,62.53944765616472
data/dataset_10/val\Charles_Moose\Charles_Moose_0011.jpg,Charles_Moose,Charles_Moose,0.48889800906181335,1,11.39472777480588,5.931265437980732,16.37351844279363,66.30048834441976
data/dataset_10/val\Colin_Powell\Colin_Powell_0002.jpg,Colin_Powell,Colin_Powell,0.9911901950836182,1,7.485331738041526,10.171328134913024,22.81777766361157,59.52556246343388
data/dataset_10/val\Colin_Powell\Colin_Powell_0007.jpg,Colin_Powell,Colin_Powell,0.9842050671577454,1,8.422112029937738,7.72202811702933,22.2592548888835,61.596604964149435
data/dataset_10/val\Colin_Powell\Colin_Powell_0008.jpg,Colin_Powell,Colin_Powell,0.9830743670463562,1,8.20275957035122,6.242999723348592,19.83757360735193,65.71666709894825
data/dataset_10/val\Colin_Powell\Colin_Powell_0009.jpg,Colin_Powell,Colin_Powell,0.9842937588691711,1,8.728086571538201,6.112513418210757,20.045642451612103,65.11375755863894
data/dataset_10/val\Colin_Powell\Colin_Powell_0023.jpg,Colin_Powell,Colin_Powell,0.9903637766838074,1,7.551295019735383,9.357704289461376,25.51131115174299,57.579689539060254
data/dataset_10/val\Colin_Powell\Colin_Powell_0024.jpg,Colin_Powell,Colin_Powell,0.9213629364967346,1,6.698649507392716,9.902820823847222,20.82738752493051,62.571142143829555
data/dataset_10/val\Colin_Powell\Colin_Powell_0027.jpg,Colin_Powell,Colin_Powell,0.9851958751678467,1,9.504679002861073,11.059345377582979,20.05437940192177,59.381596217634176
data/dataset_10/val\Colin_Powell\Colin_Powell_0029.jpg,Colin_Powell,Colin_Powell,0.9882594347000122,1,5.864416085859586,7.99507094563429,23.338853851333447,62.801659117172676
data/dataset_10/val\Colin_Powell\Colin_Powell_0036.jpg,Colin_Powell,Colin_Powell,0.9940261840820312,1,9.596878798301496,9.168100446811305,19.285242643138,61.9497781117492
data/dataset_10/val\Colin_Powell\Colin_Powell_0040.jpg,Colin_Powell,Colin_Powell,0.969842255115509,1,8.68128258232794,8.16991255261851,21.205105191225204,61.94369967382835
data/dataset_10/val\Colin_Powell\Colin_Powell_0041.jpg,Colin_Powell,Colin_Powell,0.9929313659667969,1,8.029050661305561,9.620390758404469,22.65716995150149,59.693388628788476
data/dataset_10/val\Colin_Powell\Colin_Powell_0051.jpg,Colin_Powell,Colin_Powell,0.9807685017585754,1,6.917410206935874,8.046071928585123,20.421842825184314,64.6146750392947
data/dataset_10/val\Colin_Powell\Colin_Powell_0056.jpg,Colin_Powell,Colin_Powell,0.9889061450958252,1,7.321202357629077,6.988863198917351,19.593892935386847,66.09604150806672
data/dataset_10/val\Colin_Powell\Colin_Powell_0057.jpg,Colin_Powell,Colin_Powell,0.984613299369812,1,7.424958512389929,8.841789513112898,22.168891799457633,61.56436017503954
data/dataset_10/val\Colin_Powell\Colin_Powell_0058.jpg,Colin_Powell,Colin_Powell,0.9885908961296082,1,5.949973517221265,7.370647333641472,22.20810862412867,64.47127052500859
data/dataset_10/val\Colin_Powell\Colin_Powell_0060.jpg,Colin_Powell,Colin_Powell,0.9888988137245178,1,9.986428882554407,9.235484129722707,20.225526049875725,60.55256093784716
data/dataset_10/val\Colin_Powell\Colin_Powell_0063.jpg,Colin_Powell,Colin_Powell,0.9903808236122131,1,6.3775839973530015,8.36552674894791,23.430608044235676,61.82628120946341
data/dataset_10/val\Colin_Powell\Colin_Powell_0071.jpg,Colin_Powell,Colin_Powell,0.9784080982208252,1,8.453179649451519,7.973215307835951,20.25565089639684,63.317954146315685
data/dataset_10/val\Colin_Powell\Colin_Powell_0072.jpg,Colin_Powell,Colin_Powell,0.9899072647094727,1,9.782589399397343,8.777674202947342,19.825482513032405,61.61425388462291
data/dataset_10/val\Colin_Powell\Colin_Powell_0087.jpg,Colin_Powell,Colin_Powell,0.9891811013221741,1,8.036222756670622,7.522183006661491,20.404690322371106,64.03690391429679
data/dataset_10/val\Colin_Powell\Colin_Powell_0088.jpg,Colin_Powell,Colin_Powell,0.9750049114227295,1,9.418750124303683,9.598215809619662,19.22396496350693,61.759069102569725
data/dataset_10/val\Colin_Powell\Colin_Powell_0098.jpg,Colin_Powell,Colin_Powell,0.9899020195007324,1,9.169224092983885,10.059717037794428,20.44411035102955,60.32694851819213
data/dataset_10/val\Colin_Powell\Colin_Powell_0108.jpg,Colin_Powell,Colin_Powell,0.9854751825332642,1,7.607749241885051,8.085046708968898,21.175353468017757,63.1318505811283
data/dataset_10/val\Colin_Powell\Colin_Powell_0109.jpg,Colin_Powell,Colin_Powell,0.9866678714752197,1,7.216222024394507,8.636664607858835,21.154439512342247,62.99267385540441
data/dataset_10/val\Colin_Powell\Colin_Powell_0115.jpg,Colin_Powell,Colin_Powell,0.9836693406105042,1,7.234896885283146,10.090740682147922,21.031192674982293,61.64316975758664
data/dataset_10/val\Colin_Powell\Colin_Powell_0130.jpg,Colin_Powell,Colin_Powell,0.9738666415214539,1,5.624267431203133,8.063455143180674,22.772528585508553,63.53974884010764
data/dataset_10/val\Colin_Powell\Colin_Powell_0140.jpg,Colin_Powell,Colin_Powell,0.9887892007827759,1,11.180746979909458,9.923451054658008,19.676531203719865,59.21927076171267
data/dataset_10/val\Colin_Powell\Colin_Powell_0144.jpg,Colin_Powell,Colin_Powell,0.985243558883667,1,7.418360371348371,8.467442553591841,21.811121209816545,62.303075865243244
data/dataset_10/val\Colin_Powell\Colin_Powell_0151.jpg,Colin_Powell,Colin_Powell,0.9840739965438843,1,8.621737441457634,10.672839214993964,22.224971773750614,58.480451569797786
data/dataset_10/val\Colin_Powell\Colin_Powell_0152.jpg,Colin_Powell,Colin_Powell,0.9873720407485962,1,7.967584625820531,8.620124458011182,21.93917827269325,61.473112643475034
data/dataset_10/val\Colin_Powell\Colin_Powell_0155.jpg,Colin_Powell,Colin_Powell,0.9862929582595825,1,9.418446922446497,11.555092164366899,21.01056745236323,58.01589346082338
data/dataset_10/val\Colin_Powell\Colin_Powell_0164.jpg,Colin_Powell,Colin_Powell,0.9902158975601196,1,7.277767697226409,8.208265603581337,22.0710368684611,62.44292983073115
data/dataset_10/val\Colin_Powell\Colin_Powell_0167.jpg,Colin_Powell,Colin_Powell,0.9900839328765869,1,6.91921189278365,8.031047569854604,21.861344382714712,63.18839615464703
data/dataset_10/val\Colin_Powell\Colin_Powell_0174.jpg,Colin_Powell,Colin_Powell,0.9880791306495667,1,5.973621247957832,8.145354693012354,22.261916341226847,63.61910771780296
data/dataset_10/val\Colin_Powell\Colin_Powell_0179.jpg,Colin_Powell,Colin_Powell,0.9908713698387146,1,8.32233383114444,10.590608680984813,24.10985151882787,56.97720596904288
data/dataset_10/val\Colin_Powell\Colin_Powell_0180.jpg,Colin_Powell,Colin_Powell,0.9848543405532837,1,7.650980639841239,9.978156792612339,24.18394424948078,58.186918318065636
data/dataset_10/val\Colin_Powell\Colin_Powell_0184.jpg,Colin_Powell,Colin_Powell,0.9885063171386719,1,6.87773585195238,9.610154043437133,22.691443308593403,60.820666796017086
data/dataset_10/val\Colin_Powell\Colin_Powell_0189.jpg,Colin_Powell,Colin_Powell,0.9864087104797363,1,5.610172117672055,6.9923500799291425,21.404042042081183,65.99343576031762
data/dataset_10/val\Colin_Powell\Colin_Powell_0190.jpg,Colin_Powell,Colin_Powell,0.9890522360801697,1,6.501250420096075,8.422891409772374,22.668044610735,62.40781355939655
data/dataset_10/val\Colin_Powell\Colin_Powell_0195.jpg,Colin_Powell,Colin_Powell,0.9913672804832458,1,11.754207066851746,12.823322105063758,20.585929136031076,54.836541692053416
data/dataset_10/val\Colin_Powell\Colin_Powell_0202.jpg,Colin_Powell,Colin_Powell,0.9870350956916809,1,8.937924538246875,8.785760675517142,20.69315301673142,61.58316176950457
data/dataset_10/val\Colin_Powell\Colin_Powell_0217.jpg,Colin_Powell,Colin_Powell,0.9841119647026062,1,7.996378440138324,9.56664372193472,22.50672826495628,59.93024957297067
data/dataset_10/val\Colin_Powell\Colin_Powell_0218.jpg,Colin_Powell,Colin_Powell,0.9879042506217957,1,6.173557135752525,8.760288237434239,22.648002165677013,62.41815246113622
data/dataset_10/val\Colin_Powell\Colin_Powell_0221.jpg,Colin_Powell,Colin_Powell,0.9909640550613403,1,6.587332453531034,7.8275642152424485,22.964900766228773,62.62020256499775
data/dataset_10/val\Colin_Powell\Colin_Powell_0224.jpg,Colin_Powell,Colin_Powell,0.8943337202072144,1,8.1683130657816,9.721387994422173,20.67252873028475,61.43777020951148
data/dataset_10/val\Colin_Powell\Colin_Powell_0227.jpg,Colin_Powell,Colin_Powell,0.9805588126182556,1,6.105948943346526,9.246341510651602,23.15736281118456,61.490346734817315
data/dataset_10/val\Colin_Powell\Colin_Powell_0233.jpg,Colin_Powell,Colin_Powell,0.989306628704071,1,8.283177982836934,8.245869847197605,18.456339194349113,65.01461297561634
data/dataset_10/val\Colin_Powell\Colin_Powell_0234.jpg,Colin_Powell,Colin_Powell,0.9649503827095032,1,9.43524877332766,10.817285163759456,18.537951979136203,61.20951408377668
data/dataset_10/val\Condoleezza_Rice\Condoleezza_Rice_0001.jpg,Condoleezza_Rice,Condoleezza_Rice,0.09299294650554657,1,12.047696898333438,3.9132972756805224,15.72755341711977,68.31145240886627
data/dataset_10/val\Condoleezza_Rice\Condoleezza_Rice_0002.jpg,Condoleezza_Rice,Condoleezza_Rice,0.6775166392326355,1,10.190520249469863,6.580054338787039,17.237588770269205,65.9918366414739
data/dataset_10/val\Condoleezza_Rice\Condoleezza_Rice_0011.jpg,Condoleezza_Rice,Condoleezza_Rice,0.8460450172424316,1,12.041162457095057,6.774922092825495,15.432091463804337,65.75182398627511
data/dataset_10/val\David_Beckham\David_Beckham_0001.jpg,David_Beckham,David_Beckham,0.444728285074234,1,17.237740389227344,14.98476897224332,11.139995143438085,56.63749549509125
data/dataset_10/val\David_Beckham\David_Beckham_0004.jpg,David_Beckham,David_Beckham,0.9786292314529419,1,10.830072304311747,9.827123507862213,21.1554340473283,58.18737014049774
data/dataset_10/val\David_Beckham\David_Beckham_0008.jpg,David_Beckham,David_Beckham,0.9653136134147644,1,13.696224381485367,12.58371692472302,16.918743871015764,56.80131482277585
data/dataset_10/val\David_Beckham\David_Beckham_0009.jpg,David_Beckham,David_Beckham,0.9681844711303711,1,13.530601555252687,8.26026059859005,14.805071695954146,63.404066150203114
data/dataset_10/val\David_Beckham\David_Beckham_0021.jpg,David_Beckham,David_Beckham,0.8624134659767151,1,14.12743610734675,12.360122801534688,13.395012453807487,60.11742863731108
data/dataset_10/val\David_Beckham\David_Beckham_0024.jpg,David_Beckham,David_Beckham,0.8698076605796814,1,16.049781463603708,10.09388028624791,7.668526948865632,66.18781130128275
data/dataset_10/val\David_Beckham\David_Beckham_0026.jpg,David_Beckham,David_Beckham,0.9351816177368164,1,10.431543430592262,12.766147690538926,22.197622952524764,54.60468592634405
data/dataset_10/val\David_Nalbandian\David_Nalbandian_0001.jpg,David_Nalbandian,David_Nalbandian,0.3324982225894928,1,21.456005028208107,8.578231219284698,9.62265474066927,60.343109011837925
data/dataset_10/val\David_Nalbandian\David_Nalbandian_0002.jpg,David_Nalbandian,David_Nalbandian,0.09006805717945099,1,14.688499796907161,14.74001313039384,14.10356361045569,56.467923462243306
data/dataset_10/val\David_Nalbandian\David_Nalbandian_0011.jpg,David_Nalbandian,David_Nalbandian,0.6873043179512024,1,17.36937082116229,14.67894637470413,11.747303872286833,56.20437893184675
data/dataset_10/val\Dick_Cheney\Dick_Cheney_0001.jpg,Dick_Cheney,Dick_Cheney,0.8002647757530212,1,8.274389374037389,8.459406148124483,20.42154568794804,62.84465878989009
data/dataset_10/val\Dick_Cheney\Dick_Cheney_0002.jpg,Dick_Cheney,Dick_Cheney,0.8084211349487305,1,13.23392824759586,12.433091491010142,17.729941181447554,56.60303907994644
data/dataset_10/val\Dick_Cheney\Dick_Cheney_0011.jpg,Dick_Cheney,Dick_Cheney,0.7189868092536926,1,11.774790917730469,12.771311787879394,20.63855109032896,54.81534620406117
data/dataset_10/val\Dominique_de_Villepin\Dominique_de_Villepin_0001.jpg,Dominique_de_Villepin,Dominique_de_Villepin,0.9318941235542297,1,18.62433705517728,13.942597390840376,9.222106356415008,58.21095919756734
data/dataset_10/val\Dominique_de_Villepin\Dominique_de_Villepin_0002.jpg,Dominique_de_Villepin,Dominique_de_Villepin,0.9190871715545654,1,17.756758617543483,16.544246797985476,11.611489010207393,54.087505574263645
data/dataset_10/val\Dominique_de_Villepin\Dominique_de_Villepin_0011.jpg,Dominique_de_Villepin,Dominique_de_Villepin,0.23925195634365082,1,21.248627848329225,16.5880090202099,8.275971055184941,53.88739207627594
data/dataset_10/val\Donald_Rumsfeld\Donald_Rumsfeld_0004.jpg,Donald_Rumsfeld,Donald_Rumsfeld,0.9765576720237732,1,8.781214216886863,10.313695487020183,17.42335943874063,63.481730857352325
data/dataset_10/val\Donald_Rumsfeld\Donald_Rumsfeld_0005.jpg,Donald_Rumsfeld,Donald_Rumsfeld,0.6876661777496338,1,6.253732820109905,9.226694609306252,20.142788718463645,64.3767838521202
data/dataset_10/val\Donald_Rumsfeld\Donald_Rumsfeld_0012.jpg,Donald_Rumsfeld,Donald_Rumsfeld,0.9938108325004578,1,8.372249408002789,10.09698711003361,18.861696361913395,62.66906712005021
data/dataset_10/val\Donald_Rumsfeld\Donald_Rumsfeld_0014.jpg,Donald_Rumsfeld,Donald_Rumsfeld,0.990092933177948,1,8.253727915333792,10.030434829845188,18.275506827279877,63.44033042754114
data/dataset_10/val\Donald_Rumsfeld\Donald_Rumsfeld_0015.jpg,Donald_Rumsfeld,Donald_Rumsfeld,0.9826096296310425,1,8.086832898175546,9.849328745485813,19.10945403206774,62.9543843242709
data/dataset_10/val\Donald_Rumsfeld\Donald_Rumsfeld_0018.jpg,Donald_Rumsfeld,Donald_Rumsfeld,0.9905168414115906,1,7.6846533265134225,9.80780662146521,18.900115086591946,63.60742496542942
data/dataset_10/val\Donald_Rumsfeld\Donald_Rumsfeld_0028.jpg,Donald_Rumsfeld,Donald_Rumsfeld,0.9808587431907654,1,6.175754702944149,8.0470550705727,20.173017095655684,65.60417313082746
data/dataset_10/val\Donald_Rumsfeld\Donald_Rumsfeld_0029.jpg,Donald_Rumsfeld,Donald_Rumsfeld,0.9664022326469421,1,7.645150535126264,9.459726557906976,17.60752894017454,65.28759396679222
data/dataset_10/val\Donald_Rumsfeld\Donald_Rumsfeld_0030.jpg,Donald_Rumsfeld,Donald_Rumsfeld,0.9861658811569214,1,9.007065744204995,10.111578878732361,16.900646744535194,63.98070863252745
data/dataset_10/val\Donald_Rumsfeld\Donald_Rumsfeld_0032.jpg,Donald_Rumsfeld,Donald_Rumsfeld,0.9864782094955444,1,8.577326261544789,10.126577556743872,18.531899345901,62.76419683581034
data/dataset_10/val\Donald_Rumsfeld\Donald_Rumsfeld_0036.jpg,Donald_Rumsfeld,Donald_Rumsfeld,0.9403311610221863,1,8.513455019453366,10.577498475925694,18.89966461368218,62.00938189093876
data/dataset_10/val\Donald_Rumsfeld\Donald_Rumsfeld_0055.jpg,Donald_Rumsfeld,Donald_Rumsfeld,0.972681999206543,1,7.223479618508866,10.309330757191969,20.79885172153286,61.668337902766304
data/dataset_10/val\Donald_Rumsfeld\Donald_Rumsfeld_0065.jpg,Donald_Rumsfeld,Donald_Rumsfeld,0.9774724841117859,1,6.959120914803055,9.815885945284883,19.912326614997617,63.31266652491444
data/dataset_10/val\Donald_Rumsfeld\Donald_Rumsfeld_0070.jpg,Donald_Rumsfeld,Donald_Rumsfeld,0.9889776110649109,1,6.40431701401028,7.789209166381167,19.91805432875913,65.88841949084942
data/dataset_10/val\Donald_Rumsfeld\Donald_Rumsfeld_0072.jpg,Donald_Rumsfeld,Donald_Rumsfeld,0.9819802045822144,1,6.174112875362348,8.670936660523248,19.995900350825455,65.15905011328896
data/dataset_10/val\Donald_Rumsfeld\Donald_Rumsfeld_0076.jpg,Donald_Rumsfeld,Donald_Rumsfeld,0.9001625776290894,1,6.419327722867423,8.545562986903773,19.773990084679568,65.26111920554924
data/dataset_10/val\Donald_Rumsfeld\Donald_Rumsfeld_0078.jpg,Donald_Rumsfeld,Donald_Rumsfeld,0.9825078845024109,1,7.015983885432361,9.513129629172903,19.327575638644937,64.1433108467498
data/dataset_10/val\Donald_Rumsfeld\Donald_Rumsfeld_0082.jpg,Donald_Rumsfeld,Donald_Rumsfeld,0.983534038066864,1,6.559596870497544,8.508982050933117,20.550328636266325,64.38109244230301
data/dataset_10/val\Donald_Rumsfeld\Donald_Rumsfeld_0087.jpg,Donald_Rumsfeld,Donald_Rumsfeld,0.9708501100540161,1,8.930378274974272,10.885249031078773,18.206056544591537,61.97831614935542
data/dataset_10/val\Donald_Rumsfeld\Donald_Rumsfeld_0095.jpg,Donald_Rumsfeld,Donald_Rumsfeld,0.9907407760620117,1,7.6536781785008055,10.163804486275845,19.82054366030352,62.36197367491983
data/dataset_10/val\Donald_Rumsfeld\Donald_Rumsfeld_0104.jpg,Donald_Rumsfeld,Donald_Rumsfeld,0.9845119714736938,1,7.927466245533692,9.285809855497824,18.938795550883434,63.84792834808505
data/dataset_10/val\Donald_Rumsfeld\Donald_Rumsfeld_0108.jpg,Donald_Rumsfeld,Donald_Rumsfeld,0.9851710200309753,1,7.6919267173166554,10.157153991572352,19.532810104083204,62.61810918702779
data/dataset_10/val\Donald_Rumsfeld\Donald_Rumsfeld_0113.jpg,Donald_Rumsfeld,Donald_Rumsfeld,0.9674597978591919,1,8.163999088102502,10.239182681441314,19.31643923724098,62.2803789932152
data/dataset_10/val\Donald_Rumsfeld\Donald_Rumsfeld_0118.jpg,Donald_Rumsfeld,Donald_Rumsfeld,0.9817460775375366,1,8.264137146695578,10.691887994476009,19.12621055704994,61.91776430177847
data/dataset_10/val\Donald_Rumsfeld\Donald_Rumsfeld_0119.jpg,Donald_Rumsfeld,Donald_Rumsfeld,0.990371823310852,1,8.727172189327367,10.456846953198175,18.68920865158923,62.12677220588523
data/dataset_10/val\Edmund_Stoiber\Edmund_Stoiber_0001.jpg,Edmund_Stoiber,Edmund_Stoiber,0.9362065196037292,1,11.973236710538123,10.68561322400764,17.153188151679355,60.18796191377488
data/dataset_10/val\Edmund_Stoiber\Edmund_Stoiber_0002.jpg,Edmund_Stoiber,Edmund_Stoiber,0.22755920886993408,1,4.755507759973634,5.984282034151906,18.65295644199405,70.60725376388042
data/dataset_10/val\Edmund_Stoiber\Edmund_Stoiber_0011.jpg,Edmund_Stoiber,Edmund_Stoiber,0.3233114182949066,1,9.748624125412123,3.3944044007400396,12.962684439188527,73.89428703465931
data/dataset_10/val\Eduardo_Duhalde\Eduardo_Duhalde_0001.jpg,Eduardo_Duhalde,Eduardo_Duhalde,0.4123506247997284,1,20.513863825359653,12.272701825669087,7.758545458551204,59.45488889042006
data/dataset_10/val\Eduardo_Duhalde\Eduardo_Duhalde_0002.jpg,Eduardo_Duhalde,Eduardo_Duhalde,0.4065302908420563,1,18.502635487152425,5.620963336037418,9.991206711600855,65.8851944652093
data/dataset_10/val\Eduardo_Duhalde\Eduardo_Duhalde_0011.jpg,Eduardo_Duhalde,Roh_Moo-hyun,0.3821454346179962,0,14.595892752652652,12.95274094457881,14.480183594696692,57.971182708071844
data/dataset_10/val\Fidel_Castro\Fidel_Castro_0001.jpg,Fidel_Castro,Fidel_Castro,0.1440366804599762,1,17.340640529600577,18.73935131748465,10.410341026310565,53.50966712660421
data/dataset_10/val\Fidel_Castro\Fidel_Castro_0004.jpg,Fidel_Castro,Fidel_Castro,0.7142401337623596,1,17.817418698476448,15.13345506249343,11.787949427479335,55.26117681155079
data/dataset_10/val\Fidel_Castro\Fidel_Castro_0009.jpg,Fidel_Castro,Fidel_Castro,0.35251277685165405,1,15.928652250357473,14.980014241183653,10.301445556069968,58.7898879523889
data/dataset_10/val\Fidel_Castro\Fidel_Castro_0018.jpg,Fidel_Castro,Fidel_Castro,0.3927510678768158,1,11.376144400633754,12.718794348328437,14.114144645229434,61.79091660580838
data/dataset_10/val\George_HW_Bush\George_HW_Bush_0001.jpg,George_HW_Bush,Gerhard_Schroeder,0.20208865404129028,0,8.634594180492257,3.3498738746593535,13.650441564146652,74.36509038070174
data/dataset_10/val\George_HW_Bush\George_HW_Bush_0002.jpg,George_HW_Bush,Junichiro_Koizumi,0.2654241919517517,0,12.46814249172961,13.812271437093473,17.2629781724019,56.45660789877501
data/dataset_10/val\George_HW_Bush\George_HW_Bush_0011.jpg,George_HW_Bush,George_HW_Bush,0.40993532538414,1,21.183687393789363,13.787574378545907,8.493766769362738,56.534971458301996
