imagem,real,pred,confidence,correta,olhos,nariz,boca,fundo
data_recortado/dataset_10_recortado/dataset_10_recortado/val\Abdullah_Gul\Abdullah_Gul_0001.jpg,Abdullah_Gul,Abdullah_Gul,0.8877918720245361,1,20.87098492983087,18.799901435588637,12.970522088177011,47.35859154640348
data_recortado/dataset_10_recortado/dataset_10_recortado/val\Abdullah_Gul\Abdullah_Gul_0004.jpg,Abdullah_Gul,Abdullah_Gul,0.9626463651657104,1,19.42707721169497,14.321240281039762,11.163481547571184,55.088200959694085
data_recortado/dataset_10_recortado/dataset_10_recortado/val\Abdullah_Gul\Abdullah_Gul_0008.jpg,Abdullah_Gul,Abdullah_Gul,0.9884373545646667,1,20.349036028031634,18.314248233944827,11.355331955193975,49.98138378282957
data_recortado/dataset_10_recortado/dataset_10_recortado/val\Abdullah_Gul\Abdullah_Gul_0009.jpg,Abdullah_Gul,Abdullah_Gul,0.9793981909751892,1,21.658186611162726,21.246355904718797,14.465067451935946,42.63039003218253
data_recortado/dataset_10_recortado/dataset_10_recortado/val\Adrien_Brody\Adrien_Brody_0001.jpg,Adrien_Brody,Adrien_Brody,0.9376905560493469,1,12.580968131134403,13.17550248883893,15.028169881317833,59.215359498708835
data_recortado/dataset_10_recortado/dataset_10_recortado/val\Adrien_Brody\Adrien_Brody_0002.jpg,Adrien_Brody,Adrien_Brody,0.9212985038757324,1,9.52853321837127,11.769194377468704,17.396838853421222,61.305433550738805
data_recortado/dataset_10_recortado/dataset_10_recortado/val\Adrien_Brody\Adrien_Brody_0011.jpg,Adrien_Brody,Adrien_Brody,0.8849405646324158,1,11.042948887712651,13.109623384488835,17.713005754292674,58.134421973505845
data_recortado/dataset_10_recortado/dataset_10_recortado/val\Alejandro_Toledo\Alejandro_Toledo_0002.jpg,Alejandro_Toledo,Alejandro_Toledo,0.9853132367134094,1,20.79193666416367,15.904300231695748,10.78696218967343,52.51680091446715
data_recortado/dataset_10_recortado/dataset_10_recortado/val\Alejandro_Toledo\Alejandro_Toledo_0006.jpg,Alejandro_Toledo,Alejandro_Toledo,0.970255970954895,1,19.180515556203996,13.854167505976251,10.51848581636252,56.44683112145723
data_recortado/dataset_10_recortado/dataset_10_recortado/val\Alejandro_Toledo\Alejandro_Toledo_0007.jpg,Alejandro_Toledo,Alejandro_Toledo,0.9785476922988892,1,22.65942133648757,17.70416730667075,9.784029832986755,49.85238152385493
data_recortado/dataset_10_recortado/dataset_10_recortado/val\Alejandro_Toledo\Alejandro_Toledo_0008.jpg,Alejandro_Toledo,Alejandro_Toledo,0.9746136665344238,1,18.56202871938554,14.790610501256605,11.135387351894883,55.51197342746297
data_recortado/dataset_10_recortado/dataset_10_recortado/val\Alejandro_Toledo\Alejandro_Toledo_0009.jpg,Alejandro_Toledo,Alejandro_Toledo,0.9835423231124878,1,21.71176859807288,17.557887458437204,9.561710051063347,51.16863389242657
data_recortado/dataset_10_recortado/dataset_10_recortado/val\Alejandro_Toledo\Alejandro_Toledo_0015.jpg,Alejandro_Toledo,Alejandro_Toledo,0.9922515749931335,1,20.02107135406867,16.186996403159696,11.20096126506831,52.59097097770333
data_recortado/dataset_10_recortado/dataset_10_recortado/val\Alejandro_Toledo\Alejandro_Toledo_0016.jpg,Alejandro_Toledo,Alejandro_Toledo,0.9816874861717224,1,19.912537700377563,13.265131218549715,8.572318163295721,58.250012917777
data_recortado/dataset_10_recortado/dataset_10_recortado/val\Alejandro_Toledo\Alejandro_Toledo_0018.jpg,Alejandro_Toledo,Alejandro_Toledo,0.6648044586181641,1,15.759748767470336,14.913631736151466,12.934706698975154,56.391912797403045
data_recortado/dataset_10_recortado/dataset_10_recortado/val\Alvaro_Uribe\Alvaro_Uribe_0002.jpg,Alvaro_Uribe,Alvaro_Uribe,0.8791795969009399,1,9.32780998077088,10.584871972107086,15.786500898067152,64.30081714905488
data_recortado/dataset_10_recortado/dataset_10_recortado/val\Alvaro_Uribe\Alvaro_Uribe_0005.jpg,Alvaro_Uribe,Alvaro_Uribe,0.9917068481445312,1,12.429492329962367,13.70942241920425,14.331389812564986,59.5296954382684
data_recortado/dataset_10_recortado/dataset_10_recortado/val\Alvaro_Uribe\Alvaro_Uribe_0008.jpg,Alvaro_Uribe,Alvaro_Uribe,0.9205864071846008,1,11.894333789474992,14.034305735511694,15.702465802183134,58.36889467283018
data_recortado/dataset_10_recortado/dataset_10_recortado/val\Alvaro_Uribe\Alvaro_Uribe_0016.jpg,Alvaro_Uribe,Alvaro_Uribe,0.9551281929016113,1,13.135191492167044,14.386624720220158,13.298120310430516,59.18006347718228
data_recortado/dataset_10_recortado/dataset_10_recortado/val\Alvaro_Uribe\Alvaro_Uribe_0018.jpg,Alvaro_Uribe,Alvaro_Uribe,0.9542973637580872,1,13.029374695309192,14.063625686286674,14.500903084930187,58.40609653347395
data_recortado/dataset_10_recortado/dataset_10_recortado/val\Alvaro_Uribe\Alvaro_Uribe_0024.jpg,Alvaro_Uribe,Alvaro_Uribe,0.9747923612594604,1,12.27446007716852,13.579430679692795,14.266593233795263,59.87951600934342
data_recortado/dataset_10_recortado/dataset_10_recortado/val\Alvaro_Uribe\Alvaro_Uribe_0035.jpg,Alvaro_Uribe,Alvaro_Uribe,0.963883638381958,1,9.943695937952898,11.452654623277535,15.728186266400598,62.875463172368974
data_recortado/dataset_10_recortado/dataset_10_recortado/val\Amelie_Mauresmo\Amelie_Mauresmo_0001.jpg,Amelie_Mauresmo,Amelie_Mauresmo,0.8018738031387329,1,20.404800466407316,10.362889105585001,7.772280730027182,61.460029697980495
data_recortado/dataset_10_recortado/dataset_10_recortado/val\Amelie_Mauresmo\Amelie_Mauresmo_0004.jpg,Amelie_Mauresmo,Amelie_Mauresmo,0.9294990301132202,1,21.697104005251166,11.862822728383634,7.730576555685907,58.70949671067929
data_recortado/dataset_10_recortado/dataset_10_recortado/val\Amelie_Mauresmo\Amelie_Mauresmo_0008.jpg,Amelie_Mauresmo,Amelie_Mauresmo,0.9826960563659668,1,20.23857471446018,9.56439720657937,6.23828815204603,63.95873992691442
data_recortado/dataset_10_recortado/dataset_10_recortado/val\Amelie_Mauresmo\Amelie_Mauresmo_0009.jpg,Amelie_Mauresmo,Amelie_Mauresmo,0.931768536567688,1,22.71542862824991,9.953806500094615,5.291006620130524,62.03975825152495
data_recortado/dataset_10_recortado/dataset_10_recortado/val\Amelie_Mauresmo\Amelie_Mauresmo_0021.jpg,Amelie_Mauresmo,Amelie_Mauresmo,0.42908892035484314,1,20.044831175197654,7.4778920297084825,4.88100158259683,67.59627521249703
data_recortado/dataset_10_recortado/dataset_10_recortado/val\Andre_Agassi\Andre_Agassi_0002.jpg,Andre_Agassi,Andre_Agassi,0.9380747675895691,1,17.262175207664573,16.304354966392417,13.629198062496531,52.80427176344648
data_recortado/dataset_10_recortado/dataset_10_recortado/val\Andre_Agassi\Andre_Agassi_0004.jpg,Andre_Agassi,Andre_Agassi,0.949748158454895,1,20.72758382279074,18.301003164045635,10.56036574792701,50.41104726523662
data_recortado/dataset_10_recortado/dataset_10_recortado/val\Andre_Agassi\Andre_Agassi_0005.jpg,Andre_Agassi,Andre_Agassi,0.6408440470695496,1,14.821414887156655,14.178116819033566,14.907671480218674,56.09279681359111
data_recortado/dataset_10_recortado/dataset_10_recortado/val\Andre_Agassi\Andre_Agassi_0008.jpg,Andre_Agassi,Andre_Agassi,0.963135838508606,1,16.07678805394111,15.237786115981056,13.669727149729841,55.015698680347995
data_recortado/dataset_10_recortado/dataset_10_recortado/val\Andre_Agassi\Andre_Agassi_0015.jpg,Andre_Agassi,Andre_Agassi,0.985867440700531,1,19.78050089961589,18.827876005196604,13.050300354574615,48.34132274061289
data_recortado/dataset_10_recortado/dataset_10_recortado/val\Andre_Agassi\Andre_Agassi_0016.jpg,Andre_Agassi,Andre_Agassi,0.98689866065979,1,15.691417571172774,17.667795887476803,14.72924142157736,51.91154511977306
data_recortado/dataset_10_recortado/dataset_10_recortado/val\Andre_Agassi\Andre_Agassi_0018.jpg,Andre_Agassi,Andre_Agassi,0.9817041754722595,1,18.801572153511387,18.36464552788924,14.430828042861414,48.402954275737955
data_recortado/dataset_10_recortado/dataset_10_recortado/val\Andre_Agassi\Andre_Agassi_0024.jpg,Andre_Agassi,Andre_Agassi,0.982293426990509,1,15.85398902265603,13.91207846863882,14.679416790218658,55.55451571848649
data_recortado/dataset_10_recortado/dataset_10_recortado/val\Andy_Roddick\Andy_Roddick_0001.jpg,Andy_Roddick,Andy_Roddick,0.929039478302002,1,20.5809466731165,13.800518047645253,9.076084024960533,56.54245125427771
data_recortado/dataset_10_recortado/dataset_10_recortado/val\Andy_Roddick\Andy_Roddick_0002.jpg,Andy_Roddick,Andy_Roddick,0.37471136450767517,1,19.45698527664781,15.496580822308443,13.380238591592176,51.66619530945157
data_recortado/dataset_10_recortado/dataset_10_recortado/val\Andy_Roddick\Andy_Roddick_0011.jpg,Andy_Roddick,Andy_Roddick,0.5919033885002136,1,21.12586482415577,15.773809327870888,9.561279517405962,53.53904633056738
data_recortado/dataset_10_recortado/dataset_10_recortado/val\Angelina_Jolie\Angelina_Jolie_0001.jpg,Angelina_Jolie,Angelina_Jolie,0.8658199906349182,1,11.305767234242264,9.953419244246964,18.506213889238815,60.23459963227196
data_recortado/dataset_10_recortado/dataset_10_recortado/val\Angelina_Jolie\Angelina_Jolie_0004.jpg,Angelina_Jolie,Angelina_Jolie,0.9616137742996216,1,7.7950944562563045,9.234110315044342,23.07280485844934,59.897990370250014
data_recortado/dataset_10_recortado/dataset_10_recortado/val\Angelina_Jolie\Angelina_Jolie_0008.jpg,Angelina_Jolie,Angelina_Jolie,0.9861370325088501,1,10.215651761312037,12.079879720410085,20.866415747912523,56.83805277036535
data_recortado/dataset_10_recortado/dataset_10_recortado/val\Angelina_Jolie\Angelina_Jolie_0009.jpg,Angelina_Jolie,Angelina_Jolie,0.9876177906990051,1,8.014987241693659,10.516360527844126,23.187162707246202,58.28148952321601
data_recortado/dataset_10_recortado/dataset_10_recortado/val\Ann_Veneman\Ann_Veneman_0001.jpg,Ann_Veneman,Ann_Veneman,0.7848845720291138,1,21.09889750448528,18.336256664000267,10.288252870436757,50.2765929610777
data_recortado/dataset_10_recortado/dataset_10_recortado/val\Ann_Veneman\Ann_Veneman_0002.jpg,Ann_Veneman,Ann_Veneman,0.981468141078949,1,19.245471734600383,14.230388246718972,9.214682567959752,57.30945745072089
data_recortado/dataset_10_recortado/dataset_10_recortado/val\Ann_Veneman\Ann_Veneman_0011.jpg,Ann_Veneman,Ann_Veneman,0.8657568097114563,1,20.580580958798294,18.5594816700367,10.503782611949656,50.35615475921535
data_recortado/dataset_10_recortado/dataset_10_recortado/val\Anna_Kournikova\Anna_Kournikova_0001.jpg,Anna_Kournikova,Anna_Kournikova,0.11299317330121994,1,12.069200928219733,8.10358496797128,14.615653995506701,65.21156010830228
data_recortado/dataset_10_recortado/dataset_10_recortado/val\Anna_Kournikova\Anna_Kournikova_0002.jpg,Anna_Kournikova,Anna_Kournikova,0.189754918217659,1,10.816013174915195,11.444742472143197,21.366891290515927,56.37235306242568
data_recortado/dataset_10_recortado/dataset_10_recortado/val\Anna_Kournikova\Anna_Kournikova_0011.jpg,Anna_Kournikova,Anna_Kournikova,0.949236273765564,1,14.341566638589839,14.574939924063294,15.36710264003843,55.716390797308435
data_recortado/dataset_10_recortado/dataset_10_recortado/val\Ari_Fleischer\Ari_Fleischer_0001.jpg,Ari_Fleischer,Ari_Fleischer,0.25757330656051636,1,12.154544951338774,10.553970455473593,14.645259012815666,62.64622558037197
data_recortado/dataset_10_recortado/dataset_10_recortado/val\Ari_Fleischer\Ari_Fleischer_0002.jpg,Ari_Fleischer,Ari_Fleischer,0.954647421836853,1,20.765273012709972,17.491064728772496,12.19314420280416,49.550518055713376
data_recortado/dataset_10_recortado/dataset_10_recortado/val\Ari_Fleischer\Ari_Fleischer_0011.jpg,Ari_Fleischer,Ari_Fleischer,0.9734818339347839,1,18.855668854264838,15.007494504234812,11.423836627191687,54.71300001430866
data_recortado/dataset_10_recortado/dataset_10_recortado/val\Ariel_Sharon\Ariel_Sharon_0004.jpg,Ariel_Sharon,Ariel_Sharon,0.9703423976898193,1,10.14786246125994,12.102242979570436,20.11790014335926,57.63199441581037
data_recortado/dataset_10_recortado/dataset_10_recortado/val\Ariel_Sharon\Ariel_Sharon_0005.jpg,Ariel_Sharon,Ariel_Sharon,0.9874103665351868,1,9.72127704037335,11.48293340339708,20.80930936482841,57.98648019140116
data_recortado/dataset_10_recortado/dataset_10_recortado/val\Ariel_Sharon\Ariel_Sharon_0012.jpg,Ariel_Sharon,Ariel_Sharon,0.9934984445571899,1,9.583475449679604,10.457668250683856,21.323003552899568,58.63585274673697
data_recortado/dataset_10_recortado/dataset_10_recortado/val\Ariel_Sharon\Ariel_Sharon_0014.jpg,Ariel_Sharon,Ariel_Sharon,0.9874839186668396,1,9.307751545897561,10.945066493530426,22.390916883465152,57.356265077106855
data_recortado/dataset_10_recortado/dataset_10_recortado/val\Ariel_Sharon\Ariel_Sharon_0015.jpg,Ariel_Sharon,Ariel_Sharon,0.9902054667472839,1,9.331680368069087,9.51528736355505,19.56000696271832,61.59302530565754
data_recortado/dataset_10_recortado/dataset_10_recortado/val\Ariel_Sharon\Ariel_Sharon_0018.jpg,Ariel_Sharon,Ariel_Sharon,0.8622817397117615,1,10.514791562193622,10.71766769620685,18.56070027677291,60.20684046482662
data_recortado/dataset_10_recortado/dataset_10_recortado/val\Ariel_Sharon\Ariel_Sharon_0028.jpg,Ariel_Sharon,Ariel_Sharon,0.9744121432304382,1,9.481071713440295,10.047425142834404,20.832252336683307,59.639250807041996
data_recortado/dataset_10_recortado/dataset_10_recortado/val\Ariel_Sharon\Ariel_Sharon_0029.jpg,Ariel_Sharon,Ariel_Sharon,0.9906476140022278,1,9.543985628209239,11.352228895269578,20.375562204310743,58.72822327221044
data_recortado/dataset_10_recortado/dataset_10_recortado/val\Ariel_Sharon\Ariel_Sharon_0032.jpg,Ariel_Sharon,Ariel_Sharon,0.9830417633056641,1,7.829656024579103,8.998552231526023,22.687207362651932,60.48458438124294
data_recortado/dataset_10_recortado/dataset_10_recortado/val\Ariel_Sharon\Ariel_Sharon_0033.jpg,Ariel_Sharon,Ariel_Sharon,0.992682158946991,1,10.200136596500025,11.13869075981072,19.44557053932047,59.215602104368784
data_recortado/dataset_10_recortado/dataset_10_recortado/val\Ariel_Sharon\Ariel_Sharon_0036.jpg,Ariel_Sharon,Ariel_Sharon,0.9894276261329651,1,10.238180002809228,10.593389637933083,19.92883869928335,59.23959165997434
data_recortado/dataset_10_recortado/dataset_10_recortado/val\Ariel_Sharon\Ariel_Sharon_0055.jpg,Ariel_Sharon,Ariel_Sharon,0.990429699420929,1,8.67387924368634,9.888516548842443,24.753639945854577,56.68396426161664
data_recortado/dataset_10_recortado/dataset_10_recortado/val\Ariel_Sharon\Ariel_Sharon_0069.jpg,Ariel_Sharon,Ariel_Sharon,0.9885126352310181,1,9.44757849647094,10.844727181619316,22.103347235047426,57.60434708686232
data_recortado/dataset_10_recortado/dataset_10_recortado/val\Ariel_Sharon\Ariel_Sharon_0070.jpg,Ariel_Sharon,Ariel_Sharon,0.987612783908844,1,10.785571974380534,11.489886861230017,18.62847191285699,59.096069251532455
data_recortado/dataset_10_recortado/dataset_10_recortado/val\Ariel_Sharon\Ariel_Sharon_0076.jpg,Ariel_Sharon,Ariel_Sharon,0.9914178848266602,1,10.819407114118892,11.601917235689028,19.609373772638406,57.969301877553676
data_recortado/dataset_10_recortado/dataset_10_recortado/val\Ariel_Sharon\Ariel_Sharon_0077.jpg,Ariel_Sharon,Ariel_Sharon,0.9896573424339294,1,9.42856784486771,11.025031856416309,21.817087935727017,57.72931236298896
data_recortado/dataset_10_recortado/dataset_10_recortado/val\Arnold_Schwarzenegger\Arnold_Schwarzenegger_0002.jpg,Arnold_Schwarzenegger,Arnold_Schwarzenegger,0.5543461441993713,1,19.76174619787053,17.21654257904314,7.587596594622076,55.43411462846426
data_recortado/dataset_10_recortado/dataset_10_recortado/val\Arnold_Schwarzenegger\Arnold_Schwarzenegger_0006.jpg,Arnold_Schwarzenegger,Arnold_Schwarzenegger,0.9748511910438538,1,16.074628919808664,17.297849823776364,14.888504673405276,51.73901658300969
data_recortado/dataset_10_recortado/dataset_10_recortado/val\Arnold_Schwarzenegger\Arnold_Schwarzenegger_0007.jpg,Arnold_Schwarzenegger,Arnold_Schwarzenegger,0.9401066303253174,1,17.731588347566017,16.282362018311435,12.222368298219259,53.76368133590329
data_recortado/dataset_10_recortado/dataset_10_recortado/val\Arnold_Schwarzenegger\Arnold_Schwarzenegger_0008.jpg,Arnold_Schwarzenegger,Arnold_Schwarzenegger,0.1564149111509323,1,13.712215789694689,15.174587048018775,15.946344659441147,55.16685250284539
data_recortado/dataset_10_recortado/dataset_10_recortado/val\Arnold_Schwarzenegger\Arnold_Schwarzenegger_0009.jpg,Arnold_Schwarzenegger,Arnold_Schwarzenegger,0.970508337020874,1,19.698853982296598,16.422326752997197,11.900436625956564,51.97838263874964
data_recortado/dataset_10_recortado/dataset_10_recortado/val\Arnold_Schwarzenegger\Arnold_Schwarzenegger_0015.jpg,Arnold_Schwarzenegger,Arnold_Schwarzenegger,0.9841490387916565,1,16.330536418400328,16.432494513682038,13.781342607737706,53.45562646017993
data_recortado/dataset_10_recortado/dataset_10_recortado/val\Arnold_Schwarzenegger\Arnold_Schwarzenegger_0016.jpg,Arnold_Schwarzenegger,Arnold_Schwarzenegger,0.9546120762825012,1,15.791133337734989,13.705910266582704,11.924747860103631,58.578208535578675
data_recortado/dataset_10_recortado/dataset_10_recortado/val\Arnold_Schwarzenegger\Arnold_Schwarzenegger_0018.jpg,Arnold_Schwarzenegger,Arnold_Schwarzenegger,0.9568923115730286,1,15.794616256680257,15.663282044410934,13.087199449572338,55.45490224933647
data_recortado/dataset_10_recortado/dataset_10_recortado/val\Arnold_Schwarzenegger\Arnold_Schwarzenegger_0041.jpg,Arnold_Schwarzenegger,Arnold_Schwarzenegger,0.9716320037841797,1,20.328359566384552,18.806476919275166,9.87977612626212,50.98538738807816
data_recortado/dataset_10_recortado/dataset_10_recortado/val\Atal_Bihari_Vajpayee\Atal_Bihari_Vajpayee_0001.jpg,Atal_Bihari_Vajpayee,Atal_Bihari_Vajpayee,0.8985769152641296,1,21.33624816544783,15.266408497224013,9.587578191173423,53.80976514615473
data_recortado/dataset_10_recortado/dataset_10_recortado/val\Atal_Bihari_Vajpayee\Atal_Bihari_Vajpayee_0004.jpg,Atal_Bihari_Vajpayee,Atal_Bihari_Vajpayee,0.7286117076873779,1,20.026013725972653,18.37191906936905,11.0689273758364,50.533139828821895
data_recortado/dataset_10_recortado/dataset_10_recortado/val\Atal_Bihari_Vajpayee\Atal_Bihari_Vajpayee_0008.jpg,Atal_Bihari_Vajpayee,Atal_Bihari_Vajpayee,0.9761638045310974,1,20.980671750982754,14.571225577055845,10.946259485909655,53.501843186051744
data_recortado/dataset_10_recortado/dataset_10_recortado/val\Atal_Bihari_Vajpayee\Atal_Bihari_Vajpayee_0009.jpg,Atal_Bihari_Vajpayee,Atal_Bihari_Vajpayee,0.974227249622345,1,20.08390755622582,11.775193482501791,8.483792803316877,59.65710615795551
data_recortado/dataset_10_recortado/dataset_10_recortado/val\Atal_Bihari_Vajpayee\Atal_Bihari_Vajpayee_0021.jpg,Atal_Bihari_Vajpayee,Atal_Bihari_Vajpayee,0.42105644941329956,1,19.51034687850736,13.324538415217383,6.561168935293121,60.603945770982136
data_recortado/dataset_10_recortado/dataset_10_recortado/val\Bill_Clinton\Bill_Clinton_0001.jpg,Bill_Clinton,Bill_Clinton,0.9548422694206238,1,20.356041038970258,10.335126180204576,6.139875510205798,63.168957270619366
data_recortado/dataset_10_recortado/dataset_10_recortado/val\Bill_Clinton\Bill_Clinton_0004.jpg,Bill_Clinton,Bill_Clinton,0.9857000708580017,1,20.445060524175048,10.961803533761733,6.292335569273935,62.30080037278928
data_recortado/dataset_10_recortado/dataset_10_recortado/val\Bill_Clinton\Bill_Clinton_0008.jpg,Bill_Clinton,Bill_Clinton,0.9721726775169373,1,20.039568706024237,13.624179263610593,8.580606771074278,57.755645259290894
data_recortado/dataset_10_recortado/dataset_10_recortado/val\Bill_Clinton\Bill_Clinton_0009.jpg,Bill_Clinton,Bill_Clinton,0.8728888630867004,1,21.856415051430535,13.138806760450388,8.545461376317629,56.45931681180145
data_recortado/dataset_10_recortado/dataset_10_recortado/val\Bill_Clinton\Bill_Clinton_0021.jpg,Bill_Clinton,Bill_Clinton,0.9723157286643982,1,19.595266597981283,10.990102692657986,7.0857449496092295,62.3288857597515
data_recortado/dataset_10_recortado/dataset_10_recortado/val\Bill_Clinton\Bill_Clinton_0024.jpg,Bill_Clinton,Bill_Clinton,0.9491169452667236,1,20.83488673463072,10.50869884405565,6.897427643850561,61.75898677746307
data_recortado/dataset_10_recortado/dataset_10_recortado/val\Bill_Gates\Bill_Gates_0001.jpg,Bill_Gates,Bill_Gates,0.8245378136634827,1,20.49017146899386,12.34121071408083,9.651056464465862,57.517561352459445
data_recortado/dataset_10_recortado/dataset_10_recortado/val\Bill_Gates\Bill_Gates_0004.jpg,Bill_Gates,Bill_Gates,0.4970710575580597,1,21.859865618675542,11.471936470851572,5.778937023778727,60.88926088669416
data_recortado/dataset_10_recortado/dataset_10_recortado/val\Bill_Gates\Bill_Gates_0005.jpg,Bill_Gates,Bill_Gates,0.9222818613052368,1,17.478500000804296,14.614541266064862,13.042691917910323,54.86426681522052
data_recortado/dataset_10_recortado/dataset_10_recortado/val\Bill_Gates\Bill_Gates_0012.jpg,Bill_Gates,Bill_Gates,0.9029295444488525,1,20.06423264311456,13.578380741479448,8.640975537571318,57.71641107783468
data_recortado/dataset_10_recortado/dataset_10_recortado/val\Bill_McBride\Bill_McBride_0001.jpg,Bill_McBride,Bill_McBride,0.8716060519218445,1,20.55298407811603,14.495023844884395,7.631165677362309,57.32082639963726
data_recortado/dataset_10_recortado/dataset_10_recortado/val\Bill_McBride\Bill_McBride_0002.jpg,Bill_McBride,George_HW_Bush,0.4088229835033417,0,14.356836987235086,16.471194003302934,14.775464965158601,54.39650404430338
data_recortado/dataset_10_recortado/dataset_10_recortado/val\Bill_Simon\Bill_Simon_0001.jpg,Bill_Simon,Bill_Simon,0.9415132403373718,1,13.880745948610794,15.506478163162967,13.288927596540239,57.323848291686
data_recortado/dataset_10_recortado/dataset_10_recortado/val\Bill_Simon\Bill_Simon_0002.jpg,Bill_Simon,Bill_Simon,0.8657886385917664,1,13.745347903522374,14.8524359245035,13.695426092060497,57.70679007991363
data_recortado/dataset_10_recortado/dataset_10_recortado/val\Bill_Simon\Bill_Simon_0011.jpg,Bill_Simon,Bill_Simon,0.9363765716552734,1,13.106220549329683,14.223246189611485,12.739385718809858,59.93114754224898
data_recortado/dataset_10_recortado/dataset_10_recortado/val\Britney_Spears\Britney_Spears_0001.jpg,Britney_Spears,Britney_Spears,0.9591633081436157,1,9.443601596908499,9.910781688747626,20.897198774828084,59.74841793951579
data_recortado/dataset_10_recortado/dataset_10_recortado/val\Britney_Spears\Britney_Spears_0002.jpg,Britney_Spears,Britney_Spears,0.8904600143432617,1,9.646240619110616,12.223683875346666,20.41847110401953,57.71160440152319
data_recortado/dataset_10_recortado/dataset_10_recortado/val\Britney_Spears\Britney_Spears_0011.jpg,Britney_Spears,Britney_Spears,0.937361478805542,1,10.81605858393437,11.302245169195622,20.047040952224958,57.83465529464505
data_recortado/dataset_10_recortado/dataset_10_recortado/val\Carlos_Menem\Carlos_Menem_0001.jpg,Carlos_Menem,Carlos_Menem,0.9682186841964722,1,13.675062466319721,12.058102590807087,17.89390054167864,56.37293440119455
data_recortado/dataset_10_recortado/dataset_10_recortado/val\Carlos_Menem\Carlos_Menem_0004.jpg,Carlos_Menem,Carlos_Menem,0.9131051301956177,1,14.295879983851403,10.837553549924657,13.339029690556531,61.52753677566741
data_recortado/dataset_10_recortado/dataset_10_recortado/val\Carlos_Menem\Carlos_Menem_0008.jpg,Carlos_Menem,Carlos_Menem,0.9249963760375977,1,12.793387810767976,10.704350176603928,15.403317248517254,61.09894476411084
data_recortado/dataset_10_recortado/dataset_10_recortado/val\Carlos_Menem\Carlos_Menem_0009.jpg,Carlos_Menem,Carlos_Menem,0.8492867946624756,1,11.785745070470298,12.343149873338323,20.73608539258725,55.135019663604126
data_recortado/dataset_10_recortado/dataset_10_recortado/val\Carlos_Menem\Carlos_Menem_0021.jpg,Carlos_Menem,Carlos_Menem,0.9000828266143799,1,9.85800234924272,9.116672352381826,16.934744649831558,64.09058064854389
data_recortado/dataset_10_recortado/dataset_10_recortado/val\Carlos_Moya\Carlos_Moya_0001.jpg,Carlos_Moya,Carlos_Moya,0.837676465511322,1,16.022819971226518,13.609080121574632,12.191859301377809,58.176240605821036
data_recortado/dataset_10_recortado/dataset_10_recortado/val\Carlos_Moya\Carlos_Moya_0004.jpg,Carlos_Moya,Carlos_Moya,0.7651587724685669,1,16.481533448411938,16.344490225739865,13.071991306316617,54.10198501953158
data_recortado/dataset_10_recortado/dataset_10_recortado/val\Carlos_Moya\Carlos_Moya_0008.jpg,Carlos_Moya,Carlos_Moya,0.8203650712966919,1,16.30760477445363,15.491213762745224,12.71178703571988,55.489394427081265
data_recortado/dataset_10_recortado/dataset_10_recortado/val\Carlos_Moya\Carlos_Moya_0009.jpg,Carlos_Moya,Rubens_Barrichello,0.09414418041706085,0,13.074710949478924,11.440345053139508,14.213590619536022,61.27135337784555
data_recortado/dataset_10_recortado/dataset_10_recortado/val\Catherine_Zeta-Jones\Catherine_Zeta-Jones_0001.jpg,Catherine_Zeta-Jones,Catherine_Zeta-Jones,0.6761656403541565,1,21.567269330938775,15.765853945196614,11.252399370760381,51.41447735310423
data_recortado/dataset_10_recortado/dataset_10_recortado/val\Catherine_Zeta-Jones\Catherine_Zeta-Jones_0002.jpg,Catherine_Zeta-Jones,Catherine_Zeta-Jones,0.7210551500320435,1,22.0101449942765,17.95396647245021,9.479867701274904,50.55602083199838
data_recortado/dataset_10_recortado/dataset_10_recortado/val\Catherine_Zeta-Jones\Catherine_Zeta-Jones_0011.jpg,Catherine_Zeta-Jones,Winona_Ryder,0.06632625311613083,0,18.846866325968225,10.754216950787482,14.37899368637868,56.01992303686561
data_recortado/dataset_10_recortado/dataset_10_recortado/val\Charles_Moose\Charles_Moose_0001.jpg,Charles_Moose,Charles_Moose,0.9178689122200012,1,12.155045398804184,13.279993730789947,16.92857306968211,57.63638780072376
data_recortado/dataset_10_recortado/dataset_10_recortado/val\Charles_Moose\Charles_Moose_0002.jpg,Charles_Moose,Charles_Moose,0.8251379132270813,1,12.960685627478743,12.954096729645109,16.73819768720626,57.347019955669886
data_recortado/dataset_10_recortado/dataset_10_recortado/val\Charles_Moose\Charles_Moose_0011.jpg,Charles_Moose,Kofi_Annan,0.35612285137176514,0,13.993999906761717,12.165382558102001,14.646294520750097,59.194323014386185
data_recortado/dataset_10_recortado/dataset_10_recortado/val\Colin_Powell\Colin_Powell_0002.jpg,Colin_Powell,Colin_Powell,0.9944247007369995,1,22.72322793057677,8.128694484189122,9.128849131324527,60.019228453909584
data_recortado/dataset_10_recortado/dataset_10_recortado/val\Colin_Powell\Colin_Powell_0007.jpg,Colin_Powell,Colin_Powell,0.993195652961731,1,20.62827285097428,7.358508521687354,11.055260161481298,60.95795846585707
data_recortado/dataset_10_recortado/dataset_10_recortado/val\Colin_Powell\Colin_Powell_0008.jpg,Colin_Powell,Colin_Powell,0.995215654373169,1,26.962182042646738,10.397770013170469,10.231233834857495,52.4088141093253
data_recortado/dataset_10_recortado/dataset_10_recortado/val\Colin_Powell\Colin_Powell_0009.jpg,Colin_Powell,Colin_Powell,0.9940035939216614,1,23.02648987731792,8.291593153034523,10.878948623807265,57.80296834584029
data_recortado/dataset_10_recortado/dataset_10_recortado/val\Colin_Powell\Colin_Powell_0023.jpg,Colin_Powell,Colin_Powell,0.9919885993003845,1,21.067708548590748,9.181434003488198,7.380676139575245,62.370181308345806
data_recortado/dataset_10_recortado/dataset_10_recortado/val\Colin_Powell\Colin_Powell_0024.jpg,Colin_Powell,Colin_Powell,0.9832772016525269,1,23.47459567334258,8.198908911128388,5.742297780318589,62.584197635210444
data_recortado/dataset_10_recortado/dataset_10_recortado/val\Colin_Powell\Colin_Powell_0027.jpg,Colin_Powell,Colin_Powell,0.9967014193534851,1,23.239217056595947,8.07182157323303,7.979496619813483,60.70946475035754
data_recortado/dataset_10_recortado/dataset_10_recortado/val\Colin_Powell\Colin_Powell_0029.jpg,Colin_Powell,Colin_Powell,0.9938011765480042,1,23.88685542549659,6.604435911584836,6.819240746217178,62.689467916701396
data_recortado/dataset_10_recortado/dataset_10_recortado/val\Colin_Powell\Colin_Powell_0036.jpg,Colin_Powell,Colin_Powell,0.9957570433616638,1,28.33674023599806,8.454576688304533,5.6940088781446985,57.51467419755271
data_recortado/dataset_10_recortado/dataset_10_recortado/val\Colin_Powell\Colin_Powell_0040.jpg,Colin_Powell,Colin_Powell,0.9943916201591492,1,24.687148484363014,7.632007177261588,6.599582009753343,61.08126232862205
data_recortado/dataset_10_recortado/dataset_10_recortado/val\Colin_Powell\Colin_Powell_0041.jpg,Colin_Powell,Colin_Powell,0.9934711456298828,1,25.623143102132232,7.611206825813208,5.972523859315743,60.79312621273882
data_recortado/dataset_10_recortado/dataset_10_recortado/val\Colin_Powell\Colin_Powell_0051.jpg,Colin_Powell,Colin_Powell,0.994300127029419,1,22.06894769923554,6.918628187610054,7.833663083461203,63.178761029693206
data_recortado/dataset_10_recortado/dataset_10_recortado/val\Colin_Powell\Colin_Powell_0056.jpg,Colin_Powell,Colin_Powell,0.9954545497894287,1,21.775308075587326,5.7044460627937745,7.617938386035728,64.90230747558317
data_recortado/dataset_10_recortado/dataset_10_recortado/val\Colin_Powell\Colin_Powell_0057.jpg,Colin_Powell,Colin_Powell,0.9956895709037781,1,22.769360484257557,6.53041900463358,8.143156530458564,62.5570639806503
data_recortado/dataset_10_recortado/dataset_10_recortado/val\Colin_Powell\Colin_Powell_0058.jpg,Colin_Powell,Colin_Powell,0.9941059350967407,1,22.208657106635968,4.341709595761245,6.337324519619747,67.11230877798305
data_recortado/dataset_10_recortado/dataset_10_recortado/val\Colin_Powell\Colin_Powell_0060.jpg,Colin_Powell,Colin_Powell,0.9907118678092957,1,24.973472321706517,9.266797591169295,8.671227887167218,57.08850219995697
data_recortado/dataset_10_recortado/dataset_10_recortado/val\Colin_Powell\Colin_Powell_0063.jpg,Colin_Powell,Colin_Powell,0.9959585070610046,1,25.69287042597832,5.895435891299282,3.1689238277507172,65.24276985497168
data_recortado/dataset_10_recortado/dataset_10_recortado/val\Colin_Powell\Colin_Powell_0071.jpg,Colin_Powell,Colin_Powell,0.996565043926239,1,20.400369616061543,8.86030399933501,7.813809197730407,62.925517186873044
data_recortado/dataset_10_recortado/dataset_10_recortado/val\Colin_Powell\Colin_Powell_0072.jpg,Colin_Powell,Colin_Powell,0.9918873906135559,1,22.696905114764984,7.703822604926925,6.61697240704351,62.98229987326458
data_recortado/dataset_10_recortado/dataset_10_recortado/val\Colin_Powell\Colin_Powell_0087.jpg,Colin_Powell,Colin_Powell,0.9941350817680359,1,23.796077109637107,7.912704984552576,8.74466688781613,59.54655101799418
data_recortado/dataset_10_recortado/dataset_10_recortado/val\Colin_Powell\Colin_Powell_0088.jpg,Colin_Powell,Colin_Powell,0.995274543762207,1,21.803568797906564,5.016466073257906,6.675394335035347,66.50457079380018
data_recortado/dataset_10_recortado/dataset_10_recortado/val\Colin_Powell\Colin_Powell_0098.jpg,Colin_Powell,Colin_Powell,0.9939464926719666,1,26.238624620616697,6.709865341977968,5.540452198836119,61.511057838569215
data_recortado/dataset_10_recortado/dataset_10_recortado/val\Colin_Powell\Colin_Powell_0108.jpg,Colin_Powell,Colin_Powell,0.9882128834724426,1,22.60156779079424,7.869117750380958,6.868808499175767,62.660505959649036
data_recortado/dataset_10_recortado/dataset_10_recortado/val\Colin_Powell\Colin_Powell_0109.jpg,Colin_Powell,Colin_Powell,0.9953101277351379,1,22.053001441175763,6.725650511665697,7.438138773928836,63.7832092732297
data_recortado/dataset_10_recortado/dataset_10_recortado/val\Colin_Powell\Colin_Powell_0115.jpg,Colin_Powell,Colin_Powell,0.9913609623908997,1,21.791504360029236,9.436542971325693,10.577779939006078,58.19417272963899
data_recortado/dataset_10_recortado/dataset_10_recortado/val\Colin_Powell\Colin_Powell_0130.jpg,Colin_Powell,Colin_Powell,0.9959604144096375,1,23.828017940784534,6.067843241632231,7.830410333232814,62.27372848435042
data_recortado/dataset_10_recortado/dataset_10_recortado/val\Colin_Powell\Colin_Powell_0140.jpg,Colin_Powell,Colin_Powell,0.9886491298675537,1,25.578572000657573,6.882359199198902,5.52743050557594,62.01163829456758
data_recortado/dataset_10_recortado/dataset_10_recortado/val\Colin_Powell\Colin_Powell_0144.jpg,Colin_Powell,Colin_Powell,0.9945796728134155,1,22.12215030157003,6.422201745927311,8.566076912200193,62.889571040302464
data_recortado/dataset_10_recortado/dataset_10_recortado/val\Colin_Powell\Colin_Powell_0151.jpg,Colin_Powell,Colin_Powell,0.9952113032341003,1,25.73423938113103,8.625759834730587,7.22317171354258,58.4168290705958
data_recortado/dataset_10_recortado/dataset_10_recortado/val\Colin_Powell\Colin_Powell_0152.jpg,Colin_Powell,Colin_Powell,0.9931087493896484,1,21.197191744178536,7.546963179118712,7.355058564927714,63.90078651177504
data_recortado/dataset_10_recortado/dataset_10_recortado/val\Colin_Powell\Colin_Powell_0155.jpg,Colin_Powell,Colin_Powell,0.9924612641334534,1,23.59552156840962,8.12034647938042,5.459035148755649,62.825096803454315
data_recortado/dataset_10_recortado/dataset_10_recortado/val\Colin_Powell\Colin_Powell_0164.jpg,Colin_Powell,Colin_Powell,0.9942605495452881,1,24.609942687571227,9.247481384820134,6.165787805019585,59.976788122589056
data_recortado/dataset_10_recortado/dataset_10_recortado/val\Colin_Powell\Colin_Powell_0167.jpg,Colin_Powell,Colin_Powell,0.9950677156448364,1,22.066225330887104,5.519941572970398,7.829556916324417,64.58427617981808
data_recortado/dataset_10_recortado/dataset_10_recortado/val\Colin_Powell\Colin_Powell_0174.jpg,Colin_Powell,Colin_Powell,0.9925476908683777,1,24.362895284540233,5.126544419361598,5.010674977525352,65.49988531857282
data_recortado/dataset_10_recortado/dataset_10_recortado/val\Colin_Powell\Colin_Powell_0179.jpg,Colin_Powell,Colin_Powell,0.9938926696777344,1,24.77777094405234,3.4742687158249574,3.8083406985243378,67.93961964159837
data_recortado/dataset_10_recortado/dataset_10_recortado/val\Colin_Powell\Colin_Powell_0180.jpg,Colin_Powell,Colin_Powell,0.9964638352394104,1,21.103933760270415,7.1550877182955395,6.3502605109605685,65.39071801047348
data_recortado/dataset_10_recortado/dataset_10_recortado/val\Colin_Powell\Colin_Powell_0184.jpg,Colin_Powell,Colin_Powell,0.9948892593383789,1,23.86733912262165,8.281638709963396,6.425792829534392,61.425229337880566
data_recortado/dataset_10_recortado/dataset_10_recortado/val\Colin_Powell\Colin_Powell_0189.jpg,Colin_Powell,Colin_Powell,0.9962100982666016,1,25.622621105630685,8.061078873122868,4.999995334801034,61.31630468644541
data_recortado/dataset_10_recortado/dataset_10_recortado/val\Colin_Powell\Colin_Powell_0190.jpg,Colin_Powell,Colin_Powell,0.9953492283821106,1,24.03003562872398,4.504436287306428,5.999217411690946,65.46631067227865
data_recortado/dataset_10_recortado/dataset_10_recortado/val\Colin_Powell\Colin_Powell_0195.jpg,Colin_Powell,Colin_Powell,0.9958447813987732,1,20.821709494174,5.623717374836018,7.659315378077483,65.8952577529125
data_recortado/dataset_10_recortado/dataset_10_recortado/val\Colin_Powell\Colin_Powell_0202.jpg,Colin_Powell,Colin_Powell,0.9918700456619263,1,25.30742799942397,7.371276381835614,6.098335467651505,61.222960151088905
data_recortado/dataset_10_recortado/dataset_10_recortado/val\Colin_Powell\Colin_Powell_0217.jpg,Colin_Powell,Colin_Powell,0.9953870177268982,1,26.47631098372409,4.795369551236945,3.1775831841417057,65.55073628089725
data_recortado/dataset_10_recortado/dataset_10_recortado/val\Colin_Powell\Colin_Powell_0218.jpg,Colin_Powell,Colin_Powell,0.9945104122161865,1,23.21706853453402,8.915929271471473,7.813260767992948,60.05374142600156
data_recortado/dataset_10_recortado/dataset_10_recortado/val\Colin_Powell\Colin_Powell_0221.jpg,Colin_Powell,Colin_Powell,0.993945300579071,1,24.963591584342065,6.188161503857977,5.395491280656674,63.45275563114328
data_recortado/dataset_10_recortado/dataset_10_recortado/val\Colin_Powell\Colin_Powell_0224.jpg,Colin_Powell,Colin_Powell,0.9945304989814758,1,23.852184037511318,7.723555437471189,3.6662567110534328,64.75800381396405
data_recortado/dataset_10_recortado/dataset_10_recortado/val\Colin_Powell\Colin_Powell_0227.jpg,Colin_Powell,Colin_Powell,0.990903913974762,1,19.45164037877135,5.7957633161184265,6.921958631421315,67.83063767368891
data_recortado/dataset_10_recortado/dataset_10_recortado/val\Colin_Powell\Colin_Powell_0233.jpg,Colin_Powell,Colin_Powell,0.9950758814811707,1,21.04011743648091,8.762356031111116,8.03404818021035,62.16347835219762
data_recortado/dataset_10_recortado/dataset_10_recortado/val\Colin_Powell\Colin_Powell_0234.jpg,Colin_Powell,Colin_Powell,0.9918871521949768,1,18.271408759880206,9.822200962794753,10.51409509198491,61.39229518534013
data_recortado/dataset_10_recortado/dataset_10_recortado/val\Condoleezza_Rice\Condoleezza_Rice_0001.jpg,Condoleezza_Rice,Condoleezza_Rice,0.7214056253433228,1,12.913338103355251,11.159853245693032,15.631741367376364,60.29506728357535
data_recortado/dataset_10_recortado/dataset_10_recortado/val\Condoleezza_Rice\Condoleezza_Rice_0002.jpg,Condoleezza_Rice,Condoleezza_Rice,0.9198192358016968,1,15.100818211117211,12.288315142010973,15.694055175191018,56.916811471680795
data_recortado/dataset_10_recortado/dataset_10_recortado/val\Condoleezza_Rice\Condoleezza_Rice_0011.jpg,Condoleezza_Rice,Condoleezza_Rice,0.9619558453559875,1,12.021119480961218,12.140331867438576,18.402769063456972,57.435779588143234
data_recortado/dataset_10_recortado/dataset_10_recortado/val\David_Beckham\David_Beckham_0001.jpg,David_Beckham,David_Beckham,0.94465571641922,1,13.86355353295874,16.56908156996028,16.197379703951846,53.36998519312914
data_recortado/dataset_10_recortado/dataset_10_recortado/val\David_Beckham\David_Beckham_0004.jpg,David_Beckham,David_Beckham,0.9709930419921875,1,15.106113710337818,18.286200846618236,16.9553047494306,49.65238069361335
data_recortado/dataset_10_recortado/dataset_10_recortado/val\David_Beckham\David_Beckham_0008.jpg,David_Beckham,David_Beckham,0.9786605834960938,1,14.554076878703116,15.876222840000297,14.497092461512395,55.07260781978419
data_recortado/dataset_10_recortado/dataset_10_recortado/val\David_Beckham\David_Beckham_0009.jpg,David_Beckham,David_Beckham,0.9743631482124329,1,14.29855568059074,16.17980976273999,15.73210491328079,53.789529643388484
data_recortado/dataset_10_recortado/dataset_10_recortado/val\David_Beckham\David_Beckham_0021.jpg,David_Beckham,David_Beckham,0.9603357911109924,1,14.494252668422707,17.22672636991989,15.670743830262175,52.60827713139522
data_recortado/dataset_10_recortado/dataset_10_recortado/val\David_Beckham\David_Beckham_0024.jpg,David_Beckham,David_Beckham,0.9821245670318604,1,13.01794166659932,14.736586784350491,14.76391304061946,57.48155850843073
data_recortado/dataset_10_recortado/dataset_10_recortado/val\David_Beckham\David_Beckham_0026.jpg,David_Beckham,David_Beckham,0.9560537934303284,1,14.390971815624344,16.055560424901465,14.282237933686673,55.27122982578752
data_recortado/dataset_10_recortado/dataset_10_recortado/val\David_Nalbandian\David_Nalbandian_0001.jpg,David_Nalbandian,David_Nalbandian,0.2846706211566925,1,18.994102169288862,18.3549025523984,12.040319339663625,50.610675938649116
data_recortado/dataset_10_recortado/dataset_10_recortado/val\David_Nalbandian\David_Nalbandian_0002.jpg,David_Nalbandian,David_Nalbandian,0.40050992369651794,1,14.512842056319556,16.44515962134783,15.67485679967357,53.36714152265905
data_recortado/dataset_10_recortado/dataset_10_recortado/val\David_Nalbandian\David_Nalbandian_0011.jpg,David_Nalbandian,David_Nalbandian,0.8888368010520935,1,14.296353111540704,15.305908319717988,14.711637094675888,55.686101474065424
data_recortado/dataset_10_recortado/dataset_10_recortado/val\Dick_Cheney\Dick_Cheney_0001.jpg,Dick_Cheney,Dick_Cheney,0.9742655754089355,1,13.077310566955948,14.566527129575075,15.382996552582448,56.97316575088653
data_recortado/dataset_10_recortado/dataset_10_recortado/val\Dick_Cheney\Dick_Cheney_0002.jpg,Dick_Cheney,Dick_Cheney,0.9493873119354248,1,14.43188880936797,15.63059403417374,15.282461041691224,54.65505611476706
data_recortado/dataset_10_recortado/dataset_10_recortado/val\Dick_Cheney\Dick_Cheney_0011.jpg,Dick_Cheney,Dick_Cheney,0.6555671095848083,1,12.774124942077659,13.382276060035863,15.52015993946627,58.323439058420206
data_recortado/dataset_10_recortado/dataset_10_recortado/val\Dominique_de_Villepin\Dominique_de_Villepin_0001.jpg,Dominique_de_Villepin,Dominique_de_Villepin,0.8414525389671326,1,20.187092534660664,17.13122621211301,10.368709756428567,52.31297149679776
