imagem,real,pred,confidence,correta,olhos,nariz,boca,fundo
data/dataset_5/val\Abdullah_Gul\Abdullah_Gul_0001.jpg,Abdullah_Gul,Abdullah_Gul,0.9726593494415283,1,19.506157135082137,11.90578559015915,12.756650881543909,55.831406393214806
data/dataset_5/val\Abdullah_Gul\Abdullah_Gul_0004.jpg,Abdullah_Gul,Abdullah_Gul,0.4337625205516815,1,12.967644164505629,4.388579724691877,16.2217207872054,66.42205532359709
data/dataset_5/val\Abdullah_Gul\Abdullah_Gul_0008.jpg,Abdullah_Gul,Abdullah_Gul,0.9227495193481445,1,12.808813767914762,9.9852945277149,18.012283229151937,59.193608475218404
data/dataset_5/val\Abdullah_Gul\Abdullah_Gul_0009.jpg,Abdullah_Gul,Abdullah_Gul,0.887040376663208,1,15.386774326656584,12.141821129733877,19.987726303892828,52.48367823971671
data/dataset_5/val\Adrien_Brody\Adrien_Brody_0001.jpg,Adrien_Brody,Adrien_Brody,0.9598330855369568,1,8.322106395269046,9.196686352270268,20.539111216681057,61.94209603577963
data/dataset_5/val\Adrien_Brody\Adrien_Brody_0002.jpg,Adrien_Brody,Adrien_Brody,0.6890720129013062,1,12.1131965118597,12.942385689493008,18.467534353940955,56.47688344470634
data/dataset_5/val\Adrien_Brody\Adrien_Brody_0011.jpg,Adrien_Brody,Nestor_Kirchner,0.9245060086250305,0,18.362369137980817,12.424807477115323,9.95931865077153,59.253504734132335
data/dataset_5/val\Ahmed_Chalabi\Ahmed_Chalabi_0001.jpg,Ahmed_Chalabi,Michael_Schumacher,0.32755041122436523,0,20.513666097685157,18.292202738512717,7.955119217029974,53.23901194677215
data/dataset_5/val\Ai_Sugiyama\Ai_Sugiyama_0001.jpg,Ai_Sugiyama,Ai_Sugiyama,0.9780145883560181,1,18.58741882879403,15.254336566752615,9.829776357435671,56.32846824701768
data/dataset_5/val\Al_Gore\Al_Gore_0001.jpg,Al_Gore,Al_Gore,0.562800943851471,1,17.107271115102932,14.822961654177275,13.857017659473753,54.21274957124604
data/dataset_5/val\Al_Gore\Al_Gore_0002.jpg,Al_Gore,Al_Gore,0.7935067415237427,1,18.448054394734097,19.19348457288197,13.215061287071578,49.14339974531236
data/dataset_5/val\Al_Sharpton\Al_Sharpton_0001.jpg,Al_Sharpton,Al_Sharpton,0.9324871897697449,1,15.771714173854795,15.48606316485885,13.632432888036595,55.10978977324976
data/dataset_5/val\Al_Sharpton\Al_Sharpton_0006.jpg,Al_Sharpton,Al_Sharpton,0.7424807548522949,1,9.519700724739122,11.787882455657961,17.309242695661773,61.383174123941146
data/dataset_5/val\Alan_Greenspan\Alan_Greenspan_0001.jpg,Alan_Greenspan,Steven_Spielberg,0.38027068972587585,0,9.147343049478561,10.819790886089276,19.10317712692874,60.92968893750342
data/dataset_5/val\Alastair_Campbell\Alastair_Campbell_0001.jpg,Alastair_Campbell,Colin_Montgomerie,0.571996808052063,0,20.454436746723946,18.60881829595136,12.379215021519753,48.55752993580494
data/dataset_5/val\Albert_Costa\Albert_Costa_0001.jpg,Albert_Costa,Albert_Costa,0.9923755526542664,1,10.236134288055515,12.033812744678317,20.45545092204083,57.274602045225336
data/dataset_5/val\Albert_Costa\Albert_Costa_0006.jpg,Albert_Costa,Albert_Costa,0.9697774648666382,1,9.686808322342829,11.276749963752822,19.993202072817862,59.04323964108649
data/dataset_5/val\Alejandro_Toledo\Alejandro_Toledo_0002.jpg,Alejandro_Toledo,Nestor_Kirchner,0.5351530313491821,0,12.151221866687548,13.850901233120457,20.7027913783608,53.2950855218312
data/dataset_5/val\Alejandro_Toledo\Alejandro_Toledo_0006.jpg,Alejandro_Toledo,Alejandro_Toledo,0.9484665393829346,1,10.207834598643892,10.033500646097028,18.349148316252865,61.40951643900622
data/dataset_5/val\Alejandro_Toledo\Alejandro_Toledo_0007.jpg,Alejandro_Toledo,Alejandro_Toledo,0.9973928928375244,1,15.279454820186526,13.798183623118602,15.01656066863583,55.90580088805904
data/dataset_5/val\Alejandro_Toledo\Alejandro_Toledo_0008.jpg,Alejandro_Toledo,Alejandro_Toledo,0.8941773772239685,1,11.817076402058337,12.946588618271603,19.1965268492191,56.039808130450965
data/dataset_5/val\Alejandro_Toledo\Alejandro_Toledo_0009.jpg,Alejandro_Toledo,Alejandro_Toledo,0.9936729669570923,1,7.677304749008784,8.11718787723384,23.14585814045397,61.0596492333034
data/dataset_5/val\Alejandro_Toledo\Alejandro_Toledo_0015.jpg,Alejandro_Toledo,Alejandro_Toledo,0.9913614392280579,1,12.895542387633519,13.723890331343057,15.752036194224173,57.62853108679925
data/dataset_5/val\Alejandro_Toledo\Alejandro_Toledo_0016.jpg,Alejandro_Toledo,Alejandro_Toledo,0.9967705011367798,1,18.53293393273212,12.572396491689512,14.354290406325573,54.540379169252795
data/dataset_5/val\Alejandro_Toledo\Alejandro_Toledo_0018.jpg,Alejandro_Toledo,Alejandro_Toledo,0.9989481568336487,1,15.891568267604143,12.221459857845215,17.294042167639905,54.592929706910745
data/dataset_5/val\Ali_Naimi\Ali_Naimi_0001.jpg,Ali_Naimi,George_W_Bush,0.9940541386604309,0,22.16754590439329,15.976361445759235,6.780756275644154,55.07533637420333
data/dataset_5/val\Ali_Naimi\Ali_Naimi_0002.jpg,Ali_Naimi,George_W_Bush,0.9940415024757385,0,18.419255535859488,19.41013478632152,14.488186925521878,47.68242275229711
data/dataset_5/val\Allyson_Felix\Allyson_Felix_0001.jpg,Allyson_Felix,Allyson_Felix,0.7531286478042603,1,12.55458678355406,12.984147911252954,18.47356452893297,55.98770077626001
data/dataset_5/val\Alvaro_Uribe\Alvaro_Uribe_0002.jpg,Alvaro_Uribe,Michael_Schumacher,0.43815475702285767,0,13.442887751769481,15.580861449629966,16.429234942172187,54.54701585642837
data/dataset_5/val\Alvaro_Uribe\Alvaro_Uribe_0005.jpg,Alvaro_Uribe,Alvaro_Uribe,0.895015299320221,1,12.22196087261637,14.509209965190541,16.222235218391628,57.04659394380146
data/dataset_5/val\Alvaro_Uribe\Alvaro_Uribe_0008.jpg,Alvaro_Uribe,Alvaro_Uribe,0.8014427423477173,1,12.085582104425546,13.236968982246013,16.996265947305346,57.681182966023094
data/dataset_5/val\Alvaro_Uribe\Alvaro_Uribe_0016.jpg,Alvaro_Uribe,Alvaro_Uribe,0.6442092061042786,1,12.361198210334218,13.525221041754053,15.542111571653642,58.57146917625809
data/dataset_5/val\Alvaro_Uribe\Alvaro_Uribe_0018.jpg,Alvaro_Uribe,Alvaro_Uribe,0.9354697465896606,1,15.977112176800885,17.601940528675424,14.167011645117704,52.25393564940599
data/dataset_5/val\Alvaro_Uribe\Alvaro_Uribe_0024.jpg,Alvaro_Uribe,Alvaro_Uribe,0.963765025138855,1,14.21463767420965,14.492809218167631,15.232580942203104,56.059972165419616
data/dataset_5/val\Alvaro_Uribe\Alvaro_Uribe_0035.jpg,Alvaro_Uribe,Alvaro_Uribe,0.8419632911682129,1,14.164847351973972,15.85734783243127,15.90957558359759,54.06822923199717
data/dataset_5/val\Amelia_Vega\Amelia_Vega_0001.jpg,Amelia_Vega,Amelia_Vega,0.9989247918128967,1,14.837586797920178,15.158614590440573,16.406333756071707,53.597464855567544
data/dataset_5/val\Amelia_Vega\Amelia_Vega_0006.jpg,Amelia_Vega,Amelia_Vega,0.8663150072097778,1,15.181797613772673,15.052848648144147,15.246270916443487,54.51908282163969
data/dataset_5/val\Amelie_Mauresmo\Amelie_Mauresmo_0001.jpg,Amelie_Mauresmo,Amelie_Mauresmo,0.7950890064239502,1,11.52285520324132,10.289011687518844,16.864831244209736,61.323301865030096
data/dataset_5/val\Amelie_Mauresmo\Amelie_Mauresmo_0004.jpg,Amelie_Mauresmo,Amelie_Mauresmo,0.9963288903236389,1,18.572552933178244,14.87307458645593,15.167226824520926,51.3871456558449
data/dataset_5/val\Amelie_Mauresmo\Amelie_Mauresmo_0008.jpg,Amelie_Mauresmo,Amelie_Mauresmo,0.9852456450462341,1,15.463167369091153,14.567728343294759,14.58441625852038,55.38468802909371
data/dataset_5/val\Amelie_Mauresmo\Amelie_Mauresmo_0009.jpg,Amelie_Mauresmo,Amelie_Mauresmo,0.9982944130897522,1,17.702040491376913,14.792570784157476,14.516728320485036,52.988660403980575
data/dataset_5/val\Amelie_Mauresmo\Amelie_Mauresmo_0021.jpg,Amelie_Mauresmo,Amelie_Mauresmo,0.4352675676345825,1,15.221617051664623,14.897923024410174,17.651420378076814,52.22903954584839
data/dataset_5/val\Ana_Guevara\Ana_Guevara_0001.jpg,Ana_Guevara,Ana_Guevara,0.5653879046440125,1,14.430881795673004,14.739294479060005,17.086752734646947,53.74307099062004
data/dataset_5/val\Ana_Guevara\Ana_Guevara_0006.jpg,Ana_Guevara,Ana_Guevara,0.7906298637390137,1,14.091678063003588,12.551015380846632,15.761113034958585,57.596193521191196
data/dataset_5/val\Ana_Palacio\Ana_Palacio_0001.jpg,Ana_Palacio,Hitomi_Soga,0.27705687284469604,0,10.375195448860474,12.235732294868138,19.538461323923176,57.85061093234821
data/dataset_5/val\Ana_Palacio\Ana_Palacio_0002.jpg,Ana_Palacio,Hitomi_Soga,0.9142131805419922,0,14.078482075517996,14.91723577894402,17.165162981450987,53.839119164086995
data/dataset_5/val\Andre_Agassi\Andre_Agassi_0002.jpg,Andre_Agassi,Andre_Agassi,0.9773074388504028,1,17.130367095047013,16.122372905033643,11.705640518614254,55.04161948130509
data/dataset_5/val\Andre_Agassi\Andre_Agassi_0004.jpg,Andre_Agassi,Andre_Agassi,0.695310115814209,1,19.609608142164067,19.8138868938297,11.736262891630195,48.840242072376036
data/dataset_5/val\Andre_Agassi\Andre_Agassi_0005.jpg,Andre_Agassi,Andre_Agassi,0.9132101535797119,1,18.642933342445474,19.274863044432667,11.554256865601245,50.527946747520616
data/dataset_5/val\Andre_Agassi\Andre_Agassi_0008.jpg,Andre_Agassi,Andre_Agassi,0.9654225707054138,1,19.126356106573944,18.65290167641464,11.24727332863526,50.97346888837616
data/dataset_5/val\Andre_Agassi\Andre_Agassi_0015.jpg,Andre_Agassi,Andre_Agassi,0.9873701333999634,1,15.534471871890345,16.542008333289093,15.069903258806882,52.85361653601368
data/dataset_5/val\Andre_Agassi\Andre_Agassi_0016.jpg,Andre_Agassi,Andre_Agassi,0.9894188642501831,1,17.703105682163756,16.920621487566006,12.875913311969908,52.50035951830033
data/dataset_5/val\Andre_Agassi\Andre_Agassi_0018.jpg,Andre_Agassi,Andre_Agassi,0.9068173170089722,1,18.234037314546878,16.358317948020574,12.59293318871962,52.81471154871293
data/dataset_5/val\Andre_Agassi\Andre_Agassi_0024.jpg,Andre_Agassi,Andre_Agassi,0.972093939781189,1,17.86448409483061,17.42251520939082,12.32521034842263,52.387790347355946
data/dataset_5/val\Andy_Roddick\Andy_Roddick_0001.jpg,Andy_Roddick,Emanuel_Ginobili,0.43000560998916626,0,21.97517513473112,13.574009289691071,10.026819031761946,54.42399654381586
data/dataset_5/val\Andy_Roddick\Andy_Roddick_0002.jpg,Andy_Roddick,Andy_Roddick,0.8469347357749939,1,16.541079706925405,14.75898754627198,13.71843959475008,54.981493152052536
data/dataset_5/val\Andy_Roddick\Andy_Roddick_0011.jpg,Andy_Roddick,Andy_Roddick,0.9629796147346497,1,16.80643149741451,15.510969618376329,15.782276928281487,51.90032195592767
data/dataset_5/val\Angela_Bassett\Angela_Bassett_0001.jpg,Angela_Bassett,Angela_Bassett,0.22686369717121124,1,5.632539956126688,8.030850886779623,20.331383992187746,66.00522516490594
data/dataset_5/val\Angela_Bassett\Angela_Bassett_0006.jpg,Angela_Bassett,Angela_Bassett,0.9397231936454773,1,9.878865040942145,10.719938801381302,16.346990010796464,63.05420614688009
data/dataset_5/val\Angela_Merkel\Angela_Merkel_0001.jpg,Angela_Merkel,Angela_Merkel,0.9866430759429932,1,13.990477001001972,13.715910424559585,20.11352705686082,52.18008551757762
data/dataset_5/val\Angelina_Jolie\Angelina_Jolie_0001.jpg,Angelina_Jolie,Angelina_Jolie,0.9962741136550903,1,19.55515879936218,16.521584658970536,12.709114585145562,51.21414195652172
data/dataset_5/val\Angelina_Jolie\Angelina_Jolie_0004.jpg,Angelina_Jolie,Angelina_Jolie,0.9907448887825012,1,17.99281751299942,17.26140550736804,13.464944543542806,51.28083243608973
data/dataset_5/val\Angelina_Jolie\Angelina_Jolie_0008.jpg,Angelina_Jolie,Angelina_Jolie,0.979587197303772,1,14.214612132710677,15.01693860469167,17.561710542243176,53.20673872035448
data/dataset_5/val\Angelina_Jolie\Angelina_Jolie_0009.jpg,Angelina_Jolie,Angelina_Jolie,0.9953168630599976,1,18.49349352325194,16.214383928405628,13.87817036523226,51.413952183110176
data/dataset_5/val\Ann_Veneman\Ann_Veneman_0001.jpg,Ann_Veneman,Ann_Veneman,0.8340122699737549,1,12.875148424710785,14.215549190674702,16.974861563379555,55.93444082123496
data/dataset_5/val\Ann_Veneman\Ann_Veneman_0002.jpg,Ann_Veneman,Ann_Veneman,0.9218596816062927,1,14.167291498717576,14.021241335081957,18.842275707149287,52.96919145905118
data/dataset_5/val\Ann_Veneman\Ann_Veneman_0011.jpg,Ann_Veneman,Ann_Veneman,0.8559304475784302,1,10.117967175156735,11.280966268633666,21.216776615354462,57.38428994085514
data/dataset_5/val\Anna_Kournikova\Anna_Kournikova_0001.jpg,Anna_Kournikova,Anna_Kournikova,0.847754180431366,1,20.324688100138275,19.79082828213638,10.866911767780053,49.01757184994529
data/dataset_5/val\Anna_Kournikova\Anna_Kournikova_0002.jpg,Anna_Kournikova,Anna_Kournikova,0.95809406042099,1,16.98362140753468,14.433865780704906,14.800019786219394,53.782493025541015
data/dataset_5/val\Anna_Kournikova\Anna_Kournikova_0011.jpg,Anna_Kournikova,Anna_Kournikova,0.423811137676239,1,10.707861218894365,13.002953642599868,18.03571934560813,58.253465792897636
data/dataset_5/val\Antonio_Banderas\Antonio_Banderas_0001.jpg,Antonio_Banderas,Zinedine_Zidane,0.33757391571998596,0,21.991054235002604,14.366473873264129,16.293516554623483,47.348955337109786
data/dataset_5/val\Antonio_Palocci\Antonio_Palocci_0001.jpg,Antonio_Palocci,Antonio_Palocci,0.7287083268165588,1,9.737794600452506,12.02664745958504,17.858545443452652,60.3770124965098
data/dataset_5/val\Antonio_Palocci\Antonio_Palocci_0002.jpg,Antonio_Palocci,Antonio_Palocci,0.944438099861145,1,10.06410618091343,12.408370402787662,19.36727068087703,58.16025273542188
data/dataset_5/val\Ari_Fleischer\Ari_Fleischer_0001.jpg,Ari_Fleischer,Ari_Fleischer,0.6798987984657288,1,19.609758516584453,15.156727130118062,11.338292105723012,53.89522224757447
data/dataset_5/val\Ari_Fleischer\Ari_Fleischer_0002.jpg,Ari_Fleischer,Ari_Fleischer,0.9835326671600342,1,16.16067398342464,15.835376552172846,15.886419329029048,52.117530135373464
data/dataset_5/val\Ari_Fleischer\Ari_Fleischer_0011.jpg,Ari_Fleischer,Ari_Fleischer,0.9905140399932861,1,21.08077907708366,16.73024367774017,10.256770306035918,51.93220693914025
data/dataset_5/val\Ariel_Sharon\Ariel_Sharon_0004.jpg,Ariel_Sharon,Ariel_Sharon,0.9965893030166626,1,15.615777149474026,16.406645748819574,14.391093738770483,53.586483362935915
data/dataset_5/val\Ariel_Sharon\Ariel_Sharon_0005.jpg,Ariel_Sharon,Ariel_Sharon,0.7461084127426147,1,14.794373438704682,15.372098074826118,16.303309177039164,53.53021930943004
data/dataset_5/val\Ariel_Sharon\Ariel_Sharon_0012.jpg,Ariel_Sharon,Ariel_Sharon,0.9967917799949646,1,15.44154500377008,15.117361580986971,14.64480090987818,54.79629250536477
data/dataset_5/val\Ariel_Sharon\Ariel_Sharon_0014.jpg,Ariel_Sharon,Ariel_Sharon,0.8689025044441223,1,16.21081853257475,16.677233947143243,13.221584106422544,53.89036341385947
data/dataset_5/val\Ariel_Sharon\Ariel_Sharon_0015.jpg,Ariel_Sharon,Ariel_Sharon,0.9876470565795898,1,13.805143040790336,14.656140622527772,15.61471616676763,55.924000169914265
data/dataset_5/val\Ariel_Sharon\Ariel_Sharon_0018.jpg,Ariel_Sharon,Michael_Chiklis,0.18207058310508728,0,18.277387301549197,18.832010364373232,12.06926516345567,50.8213371706219
data/dataset_5/val\Ariel_Sharon\Ariel_Sharon_0028.jpg,Ariel_Sharon,Ariel_Sharon,0.9538027048110962,1,12.896002352000941,14.711343275075047,16.694932260622277,55.69772211230173
data/dataset_5/val\Ariel_Sharon\Ariel_Sharon_0029.jpg,Ariel_Sharon,Ariel_Sharon,0.9955054521560669,1,17.614963703087962,17.874863091395444,14.157033476820907,50.35313972869569
data/dataset_5/val\Ariel_Sharon\Ariel_Sharon_0032.jpg,Ariel_Sharon,Ariel_Sharon,0.7381011843681335,1,12.833261860730243,14.280060662288626,17.71435350882574,55.17232396815539
data/dataset_5/val\Ariel_Sharon\Ariel_Sharon_0033.jpg,Ariel_Sharon,Ariel_Sharon,0.9704638719558716,1,12.871171353492006,13.814518544207642,16.285727114833165,57.02858298746719
data/dataset_5/val\Ariel_Sharon\Ariel_Sharon_0036.jpg,Ariel_Sharon,Ariel_Sharon,0.9977424144744873,1,15.36406209462218,15.783572032218817,15.439538769980565,53.41282710317844
data/dataset_5/val\Ariel_Sharon\Ariel_Sharon_0055.jpg,Ariel_Sharon,Ariel_Sharon,0.9915054440498352,1,13.627914626833176,14.591307202048828,15.427732019834478,56.353046151283515
data/dataset_5/val\Ariel_Sharon\Ariel_Sharon_0069.jpg,Ariel_Sharon,Ariel_Sharon,0.9897127151489258,1,15.14765790698968,16.18290988330523,15.292988724891638,53.37644348481345
data/dataset_5/val\Ariel_Sharon\Ariel_Sharon_0070.jpg,Ariel_Sharon,Ariel_Sharon,0.9826458692550659,1,16.800871770021356,18.451195842233716,14.35407119739944,50.39386119034549
data/dataset_5/val\Ariel_Sharon\Ariel_Sharon_0076.jpg,Ariel_Sharon,Ariel_Sharon,0.992041289806366,1,15.054083011652487,16.397592133241435,15.014868118008714,53.53345673709737
data/dataset_5/val\Ariel_Sharon\Ariel_Sharon_0077.jpg,Ariel_Sharon,Ariel_Sharon,0.870256781578064,1,14.956562643394664,15.291699444611858,16.03762555410322,53.71411235789026
data/dataset_5/val\Arminio_Fraga\Arminio_Fraga_0001.jpg,Arminio_Fraga,Mohammad_Khatami,0.4252725839614868,0,7.888626130657198,11.378217161375103,22.146162780027606,58.58699392794009
data/dataset_5/val\Arminio_Fraga\Arminio_Fraga_0006.jpg,Arminio_Fraga,Winona_Ryder,0.5148264765739441,0,21.17514181931186,20.206531625376616,13.340686167300781,45.277640388010745
data/dataset_5/val\Arnold_Schwarzenegger\Arnold_Schwarzenegger_0002.jpg,Arnold_Schwarzenegger,Arnold_Schwarzenegger,0.8661077618598938,1,19.103294125689406,17.543781051164874,9.601260214391502,53.75166460875422
data/dataset_5/val\Arnold_Schwarzenegger\Arnold_Schwarzenegger_0006.jpg,Arnold_Schwarzenegger,Jennifer_Capriati,0.6094700694084167,0,12.943958862073115,13.71061096903415,18.808625183232543,54.53680498566019
data/dataset_5/val\Arnold_Schwarzenegger\Arnold_Schwarzenegger_0007.jpg,Arnold_Schwarzenegger,Arnold_Schwarzenegger,0.9949169158935547,1,13.389371837573487,14.46276621495438,16.49250376845368,55.65535817901846
data/dataset_5/val\Arnold_Schwarzenegger\Arnold_Schwarzenegger_0008.jpg,Arnold_Schwarzenegger,Keanu_Reeves,0.14615795016288757,0,20.14043500428989,18.732942431399376,12.765335315632774,48.36128724867796
data/dataset_5/val\Arnold_Schwarzenegger\Arnold_Schwarzenegger_0009.jpg,Arnold_Schwarzenegger,Arnold_Schwarzenegger,0.9523249864578247,1,19.661392197003853,19.272055472413484,12.001626228191858,49.06492610239081
data/dataset_5/val\Arnold_Schwarzenegger\Arnold_Schwarzenegger_0015.jpg,Arnold_Schwarzenegger,Arnold_Schwarzenegger,0.3875889480113983,1,15.539216050449452,17.627708899768333,14.61004833775925,52.223026712022964
data/dataset_5/val\Arnold_Schwarzenegger\Arnold_Schwarzenegger_0016.jpg,Arnold_Schwarzenegger,Arnold_Schwarzenegger,0.6946397423744202,1,15.98203403275372,17.063483049244088,16.13351994077443,50.820962977227765
data/dataset_5/val\Arnold_Schwarzenegger\Arnold_Schwarzenegger_0018.jpg,Arnold_Schwarzenegger,Arnold_Schwarzenegger,0.9720122814178467,1,14.272829112303176,15.012916127570469,14.502086282819228,56.21216847730713
data/dataset_5/val\Arnold_Schwarzenegger\Arnold_Schwarzenegger_0041.jpg,Arnold_Schwarzenegger,Arnold_Schwarzenegger,0.9985224604606628,1,16.315624077675277,16.26203480043696,14.872976146197093,52.549364975690665
data/dataset_5/val\Arnoldo_Aleman\Arnoldo_Aleman_0001.jpg,Arnoldo_Aleman,Mahathir_Mohamad,0.5741023421287537,0,16.15229836430559,18.37500748955874,15.823380950273098,49.649313195862575
data/dataset_5/val\Ashanti\Ashanti_0001.jpg,Ashanti,Ashanti,0.9534491896629333,1,5.553935678599285,6.877688361122525,22.74586438177817,64.82251157850003
data/dataset_5/val\Atal_Bihari_Vajpayee\Atal_Bihari_Vajpayee_0001.jpg,Atal_Bihari_Vajpayee,Atal_Bihari_Vajpayee,0.9719712734222412,1,19.245432448610508,17.822278384116117,13.853303241048968,49.078985926224405
data/dataset_5/val\Atal_Bihari_Vajpayee\Atal_Bihari_Vajpayee_0004.jpg,Atal_Bihari_Vajpayee,Atal_Bihari_Vajpayee,0.9775441884994507,1,10.981217613132761,13.41853920980635,16.526969573348296,59.07327360371259
data/dataset_5/val\Atal_Bihari_Vajpayee\Atal_Bihari_Vajpayee_0008.jpg,Atal_Bihari_Vajpayee,Atal_Bihari_Vajpayee,0.9868487119674683,1,13.733299374765833,13.917494836776857,16.031595458762702,56.31761032969461
data/dataset_5/val\Atal_Bihari_Vajpayee\Atal_Bihari_Vajpayee_0009.jpg,Atal_Bihari_Vajpayee,Atal_Bihari_Vajpayee,0.9886745810508728,1,11.895452046362164,13.703899545584232,18.81978253932048,55.58086586873312
data/dataset_5/val\Atal_Bihari_Vajpayee\Atal_Bihari_Vajpayee_0021.jpg,Atal_Bihari_Vajpayee,Atal_Bihari_Vajpayee,0.744603157043457,1,15.364426709262398,18.753271347442077,15.02655962230385,50.85574232099167
data/dataset_5/val\Ben_Affleck\Ben_Affleck_0001.jpg,Ben_Affleck,Ben_Affleck,0.9320358633995056,1,14.074400899782047,14.156369804457436,15.075284285964889,56.69394500979563
data/dataset_5/val\Ben_Affleck\Ben_Affleck_0006.jpg,Ben_Affleck,Ben_Affleck,0.9243708252906799,1,11.428903870578932,11.609123808191788,17.383861193431226,59.57811112779805
data/dataset_5/val\Benazir_Bhutto\Benazir_Bhutto_0001.jpg,Benazir_Bhutto,Winona_Ryder,0.27625858783721924,0,21.11517401618018,13.340653166552505,6.906786758346376,58.63738605892094
data/dataset_5/val\Benjamin_Netanyahu\Benjamin_Netanyahu_0001.jpg,Benjamin_Netanyahu,George_W_Bush,0.38852939009666443,0,9.848582981508498,12.125579502795045,15.572307697792576,62.45352981790388
data/dataset_5/val\Bernard_Law\Bernard_Law_0001.jpg,Bernard_Law,Hans_Blix,0.28974661231040955,0,19.707946694485337,12.715936430203852,16.47089715038149,51.10521972492932
data/dataset_5/val\Bertie_Ahern\Bertie_Ahern_0001.jpg,Bertie_Ahern,Bertie_Ahern,0.8861382007598877,1,14.25042274811594,13.750867906221856,18.091457121439703,53.907252224222496
data/dataset_5/val\Bill_Clinton\Bill_Clinton_0001.jpg,Bill_Clinton,Bill_Clinton,0.76483553647995,1,17.276025813257135,12.940908252341735,16.391301044138604,53.39176489026253
data/dataset_5/val\Bill_Clinton\Bill_Clinton_0004.jpg,Bill_Clinton,Bill_Clinton,0.9989155530929565,1,15.66218670040328,10.691124431280869,16.042899034401007,57.60378983391484
data/dataset_5/val\Bill_Clinton\Bill_Clinton_0008.jpg,Bill_Clinton,Bill_Clinton,0.9550185799598694,1,21.710360067248168,11.484281379211353,11.300681499785965,55.50467705375451
data/dataset_5/val\Bill_Clinton\Bill_Clinton_0009.jpg,Bill_Clinton,Bill_Clinton,0.9319198131561279,1,18.58801667839886,12.856294076497745,14.43452833074748,54.12116091435592
data/dataset_5/val\Bill_Clinton\Bill_Clinton_0021.jpg,Bill_Clinton,Bill_Clinton,0.9764919877052307,1,17.46955883011971,11.503588069757594,15.149312270087723,55.877540830034974
data/dataset_5/val\Bill_Clinton\Bill_Clinton_0024.jpg,Bill_Clinton,Bill_Clinton,0.9095414280891418,1,19.456292363523833,10.714595697789537,12.257533714307225,57.57157822437941
data/dataset_5/val\Bill_Frist\Bill_Frist_0001.jpg,Bill_Frist,Bill_Frist,0.22979384660720825,1,17.907225141707634,16.887013747753922,9.869152918864197,55.33660819167425
data/dataset_5/val\Bill_Frist\Bill_Frist_0002.jpg,Bill_Frist,Bill_Frist,0.9363769888877869,1,14.068157636785145,15.078252515846899,15.720893806300626,55.132696041067334
data/dataset_5/val\Bill_Gates\Bill_Gates_0001.jpg,Bill_Gates,Bill_Gates,0.8229675889015198,1,16.645079019956828,12.822583332610778,15.705159318246281,54.82717832918612
data/dataset_5/val\Bill_Gates\Bill_Gates_0004.jpg,Bill_Gates,Bill_Gates,0.6150960922241211,1,20.992003582505024,10.385016501920502,6.422716305421521,62.20026361015295
data/dataset_5/val\Bill_Gates\Bill_Gates_0005.jpg,Bill_Gates,Bill_Gates,0.9798691868782043,1,15.072610913361558,9.89616009358921,16.707042474390015,58.32418651865922
data/dataset_5/val\Bill_Gates\Bill_Gates_0012.jpg,Bill_Gates,Bill_Gates,0.9784182906150818,1,18.281241525340043,15.514578822513187,14.568302305247657,51.63587734689911
data/dataset_5/val\Bill_Graham\Bill_Graham_0001.jpg,Bill_Graham,Bill_Graham,0.7511166930198669,1,19.950471324569254,11.430112721296615,10.23622697720792,58.38318897692621
data/dataset_5/val\Bill_Graham\Bill_Graham_0002.jpg,Bill_Graham,Bill_Graham,0.6643908619880676,1,17.763020514022376,8.034311316964262,8.738610035568028,65.46405813344533
data/dataset_5/val\Bill_McBride\Bill_McBride_0001.jpg,Bill_McBride,Bill_McBride,0.5967435836791992,1,15.405989887440454,14.25951842819345,12.778626601190638,57.55586508317546
data/dataset_5/val\Bill_McBride\Bill_McBride_0002.jpg,Bill_McBride,Bill_McBride,0.8557648658752441,1,14.34835964978095,9.309677167806397,13.789258327851174,62.552704854561476
data/dataset_5/val\Bill_Simon\Bill_Simon_0001.jpg,Bill_Simon,Bill_Simon,0.9844756722450256,1,15.247401658484153,14.48776288358986,15.990313439404128,54.27452201852186
data/dataset_5/val\Bill_Simon\Bill_Simon_0002.jpg,Bill_Simon,Bill_Simon,0.9550532698631287,1,18.42361003523023,13.990385758098284,12.499236569848366,55.08676763682312
data/dataset_5/val\Bill_Simon\Bill_Simon_0011.jpg,Bill_Simon,Bill_Simon,0.7544650435447693,1,19.599272811221496,7.760708260589053,4.599375694206089,68.04064323398336
data/dataset_5/val\Billy_Crystal\Billy_Crystal_0001.jpg,Billy_Crystal,Billy_Crystal,0.8216063976287842,1,12.404653122643314,12.01169182935031,17.25830109596602,58.32535395204036
data/dataset_5/val\Billy_Crystal\Billy_Crystal_0006.jpg,Billy_Crystal,Billy_Crystal,0.9459623694419861,1,12.505879038907642,11.430061174519164,16.624851727485776,59.43920805908742
data/dataset_5/val\Binyamin_Ben-Eliezer\Binyamin_Ben-Eliezer_0001.jpg,Binyamin_Ben-Eliezer,Binyamin_Ben-Eliezer,0.6853221654891968,1,20.2564990766276,13.369148623097065,8.661277183200031,57.713075117075306
data/dataset_5/val\Binyamin_Ben-Eliezer\Binyamin_Ben-Eliezer_0006.jpg,Binyamin_Ben-Eliezer,Binyamin_Ben-Eliezer,0.7832477688789368,1,21.202941430755946,18.260590088475908,10.19648172790369,50.339986752864455
data/dataset_5/val\Bob_Graham\Bob_Graham_0001.jpg,Bob_Graham,Bob_Graham,0.7563011050224304,1,19.72198007850649,13.702703798259634,9.16018035313182,57.415135770102054
data/dataset_5/val\Bob_Graham\Bob_Graham_0006.jpg,Bob_Graham,Bob_Graham,0.5899064540863037,1,20.157028356767803,14.959496220472694,10.284832964166895,54.59864245859261
data/dataset_5/val\Bob_Hope\Bob_Hope_0001.jpg,Bob_Hope,Bob_Hope,0.6943655610084534,1,9.892978755866192,11.311077822419703,18.471061692905803,60.3248817288083
data/dataset_5/val\Bob_Hope\Bob_Hope_0002.jpg,Bob_Hope,Bob_Hope,0.8568008542060852,1,7.894944391825003,12.293160193095211,22.542050967221698,57.269844447858084
data/dataset_5/val\Bob_Stoops\Bob_Stoops_0001.jpg,Bob_Stoops,Bob_Stoops,0.8419490456581116,1,14.113096961315554,16.21418650195483,13.980672948225722,55.69204358850389
data/dataset_5/val\Bob_Stoops\Bob_Stoops_0006.jpg,Bob_Stoops,Bob_Stoops,0.6030228734016418,1,15.845378879314012,17.206845861667542,13.205104360181897,53.74267089883655
data/dataset_5/val\Boris_Becker\Boris_Becker_0001.jpg,Boris_Becker,Boris_Becker,0.9388609528541565,1,17.831764641885094,10.102202669195771,13.16875349301443,58.89727919590471
data/dataset_5/val\Boris_Becker\Boris_Becker_0006.jpg,Boris_Becker,Boris_Becker,0.7655189633369446,1,19.66947117639849,9.462652314131326,10.152558908891871,60.71531760057832
data/dataset_5/val\Brad_Johnson\Brad_Johnson_0001.jpg,Brad_Johnson,Michael_Chang,0.11874917894601822,0,18.654694951744705,14.34795328144793,10.665468778434244,56.331882988373124
data/dataset_5/val\Britney_Spears\Britney_Spears_0001.jpg,Britney_Spears,Britney_Spears,0.7070209383964539,1,14.359461145816967,14.048848085972283,15.205797453308536,56.38589331490221
data/dataset_5/val\Britney_Spears\Britney_Spears_0002.jpg,Britney_Spears,Britney_Spears,0.6198326349258423,1,17.061269765700967,12.008878670805608,11.732886594217016,59.19696496927641
data/dataset_5/val\Britney_Spears\Britney_Spears_0011.jpg,Britney_Spears,Britney_Spears,0.889772355556488,1,17.51903819536171,14.153236703970988,12.944290757032013,55.383434343635294
data/dataset_5/val\Bulent_Ecevit\Bulent_Ecevit_0001.jpg,Bulent_Ecevit,Bulent_Ecevit,0.6679783463478088,1,8.419723488194082,9.793670419555923,20.876290210187193,60.910315882062804
data/dataset_5/val\Bulent_Ecevit\Bulent_Ecevit_0006.jpg,Bulent_Ecevit,Saddam_Hussein,0.31159842014312744,0,8.447658725783326,11.695854237064616,20.747979528457595,59.108507508694466
data/dataset_5/val\Calista_Flockhart\Calista_Flockhart_0001.jpg,Calista_Flockhart,Calista_Flockhart,0.7559696435928345,1,12.541447682737326,7.8419211565701135,16.63410803790256,62.98252312279
data/dataset_5/val\Calista_Flockhart\Calista_Flockhart_0006.jpg,Calista_Flockhart,Calista_Flockhart,0.9120408892631531,1,10.193210626650226,10.400717220301336,19.66574386232907,59.74032829071937
data/dataset_5/val\Cameron_Diaz\Cameron_Diaz_0001.jpg,Cameron_Diaz,Cameron_Diaz,0.5361357927322388,1,19.588721175591015,12.728058248466091,10.60875067827019,57.07446989767271
data/dataset_5/val\Cameron_Diaz\Cameron_Diaz_0006.jpg,Cameron_Diaz,Cameron_Diaz,0.6292976140975952,1,13.382715997686274,14.868440351407815,16.105573688524444,55.64326996238147
data/dataset_5/val\Carla_Del_Ponte\Carla_Del_Ponte_0001.jpg,Carla_Del_Ponte,Carla_Del_Ponte,0.7331781387329102,1,9.251949593516596,11.567615227409384,18.991504185493934,60.18893099358009
data/dataset_5/val\Carlos_Menem\Carlos_Menem_0001.jpg,Carlos_Menem,Carlos_Menem,0.9628555178642273,1,12.449421365083985,14.946187314486826,18.673143412581062,53.931247907848125
data/dataset_5/val\Carlos_Menem\Carlos_Menem_0004.jpg,Carlos_Menem,Carlos_Menem,0.8696393370628357,1,11.620600423424401,14.67698540674239,18.107674372822824,55.594739797010384
data/dataset_5/val\Carlos_Menem\Carlos_Menem_0008.jpg,Carlos_Menem,Michael_Schumacher,0.7890694737434387,0,16.15842706924728,17.094163392117718,14.732815157715036,52.01459438091997
data/dataset_5/val\Carlos_Menem\Carlos_Menem_0009.jpg,Carlos_Menem,Michael_Schumacher,0.924144446849823,0,17.87776576214489,15.755428851267224,13.682856045038847,52.68394934154904
data/dataset_5/val\Carlos_Menem\Carlos_Menem_0021.jpg,Carlos_Menem,Carlos_Menem,0.9843234419822693,1,17.70364060725852,17.574466947103716,14.807021198842653,49.91487124679511
data/dataset_5/val\Carlos_Moya\Carlos_Moya_0001.jpg,Carlos_Moya,Carlos_Moya,0.9981908202171326,1,10.526873686015493,12.023738624283737,18.338622284303106,59.11076540539766
data/dataset_5/val\Carlos_Moya\Carlos_Moya_0004.jpg,Carlos_Moya,Carlos_Moya,0.9967350363731384,1,10.693063179783843,12.332637181822578,19.429987988309524,57.544311650084055
data/dataset_5/val\Carlos_Moya\Carlos_Moya_0008.jpg,Carlos_Moya,Carlos_Moya,0.9728566408157349,1,13.33238263847601,13.614824362953948,16.63618177457426,56.41661122399578
data/dataset_5/val\Carlos_Moya\Carlos_Moya_0009.jpg,Carlos_Moya,Carlos_Moya,0.9085662961006165,1,9.555219745926058,9.533758982757835,18.802760851583738,62.10826041973237
data/dataset_5/val\Carmen_Electra\Carmen_Electra_0001.jpg,Carmen_Electra,Carmen_Electra,0.8119361996650696,1,17.267012520888535,15.403461673152297,15.10022165548849,52.229304150470675
data/dataset_5/val\Carmen_Electra\Carmen_Electra_0006.jpg,Carmen_Electra,Carmen_Electra,0.8091908693313599,1,15.791072956162289,10.772899047440221,15.680897111030154,57.755130885367336
data/dataset_5/val\Carrie-Anne_Moss\Carrie-Anne_Moss_0001.jpg,Carrie-Anne_Moss,John_Howard,0.5623730421066284,0,19.281631012878915,17.963678633749037,14.784846408795378,47.969843944576674
data/dataset_5/val\Catherine_Deneuve\Catherine_Deneuve_0001.jpg,Catherine_Deneuve,Catherine_Deneuve,0.8745483160018921,1,24.40831596653909,8.49700783541409,5.480135315228654,61.61454088281817
data/dataset_5/val\Catherine_Zeta-Jones\Catherine_Zeta-Jones_0001.jpg,Catherine_Zeta-Jones,Catherine_Zeta-Jones,0.7475906610488892,1,18.56191181852288,16.896689220859887,14.582603891395133,49.9587950692221
data/dataset_5/val\Catherine_Zeta-Jones\Catherine_Zeta-Jones_0002.jpg,Catherine_Zeta-Jones,Catherine_Zeta-Jones,0.9416695237159729,1,21.653407679776766,15.3937554128799,8.331933287102407,54.620903620240924
data/dataset_5/val\Catherine_Zeta-Jones\Catherine_Zeta-Jones_0011.jpg,Catherine_Zeta-Jones,Richard_Armitage,0.16225159168243408,0,12.788257689676358,14.090919562537396,13.640511063176051,59.48031168461019
data/dataset_5/val\Celine_Dion\Celine_Dion_0001.jpg,Celine_Dion,Celine_Dion,0.8994389176368713,1,19.278045419684354,11.045840791067258,9.527310862671701,60.14880292657669
data/dataset_5/val\Celine_Dion\Celine_Dion_0002.jpg,Celine_Dion,Celine_Dion,0.9887022972106934,1,20.041761169478576,12.515322503199599,13.879078652820876,53.563837674500945
data/dataset_5/val\Cesar_Gaviria\Cesar_Gaviria_0001.jpg,Cesar_Gaviria,Cesar_Gaviria,0.939456582069397,1,21.376620113832086,10.313981639511365,7.013776563287994,61.29562168336856
data/dataset_5/val\Cesar_Gaviria\Cesar_Gaviria_0002.jpg,Cesar_Gaviria,Cesar_Gaviria,0.785719096660614,1,22.159427342532705,11.205122906211063,6.1327234320242425,60.50272631923199
data/dataset_5/val\Chanda_Rubin\Chanda_Rubin_0001.jpg,Chanda_Rubin,Chanda_Rubin,0.9830454587936401,1,10.621987642573423,11.570901964867867,20.633553880902095,57.173556511656614
data/dataset_5/val\Charles_Moose\Charles_Moose_0001.jpg,Charles_Moose,Charles_Moose,0.9972645044326782,1,11.148297704819681,12.937477765620292,17.521362974674993,58.39286155488503
data/dataset_5/val\Charles_Moose\Charles_Moose_0002.jpg,Charles_Moose,Charles_Moose,0.9941595792770386,1,11.471483440446393,13.619992593429464,17.37111398973704,57.5374099763871
data/dataset_5/val\Charles_Moose\Charles_Moose_0011.jpg,Charles_Moose,Charles_Moose,0.8074862360954285,1,11.889344632862745,14.743651810867195,17.27333199658436,56.093671559685696
data/dataset_5/val\Charles_Taylor\Charles_Taylor_0001.jpg,Charles_Taylor,Charles_Taylor,0.9201114177703857,1,9.386397972831048,11.834122585656596,18.509767072029696,60.26971236948266
data/dataset_5/val\Charles_Taylor\Charles_Taylor_0002.jpg,Charles_Taylor,Charles_Taylor,0.9775221347808838,1,11.030418998214277,13.415800445475334,16.950309140605995,58.60347141570439
data/dataset_5/val\Charlton_Heston\Charlton_Heston_0001.jpg,Charlton_Heston,Charlton_Heston,0.1762823909521103,1,17.819010403504294,15.43517546893511,15.007972053110931,51.73784207444967
data/dataset_5/val\Charlton_Heston\Charlton_Heston_0006.jpg,Charlton_Heston,Joseph_Biden,0.7061787843704224,0,12.958269336628321,11.985265277591099,16.30955912981993,58.746906255960646
data/dataset_5/val\Chen_Shui-bian\Chen_Shui-bian_0001.jpg,Chen_Shui-bian,Chen_Shui-bian,0.667827308177948,1,8.352068838475084,10.570910952422047,19.99304130174593,61.08397890735694
data/dataset_5/val\Choi_Sung-hong\Choi_Sung-hong_0001.jpg,Choi_Sung-hong,George_W_Bush,0.2782159149646759,0,27.958861357204277,36.94417361431348,14.880526248266216,20.216438780216027
data/dataset_5/val\Christine_Baumgartner\Christine_Baumgartner_0001.jpg,Christine_Baumgartner,Christine_Baumgartner,0.5021746158599854,1,5.778897757812745,8.374301660850385,21.635421200997342,64.21137938033952
data/dataset_5/val\Christine_Todd_Whitman\Christine_Todd_Whitman_0001.jpg,Christine_Todd_Whitman,Christine_Todd_Whitman,0.535938560962677,1,17.166992721002572,14.029670235645415,14.188459281266079,54.61487776208593
data/dataset_5/val\Christine_Todd_Whitman\Christine_Todd_Whitman_0006.jpg,Christine_Todd_Whitman,Christine_Todd_Whitman,0.9050534963607788,1,22.66839599560506,11.607824703397785,8.148139667552003,57.57563963344515
data/dataset_5/val\Ciro_Gomes\Ciro_Gomes_0001.jpg,Ciro_Gomes,Oswaldo_Paya,0.733060896396637,0,21.01434596604248,16.16705292268632,7.097157686606319,55.72144342466488
data/dataset_5/val\Clara_Harris\Clara_Harris_0001.jpg,Clara_Harris,Clara_Harris,0.7722702026367188,1,18.374399706654746,12.245307008253858,15.294600520285274,54.085692764806126
data/dataset_5/val\Claudia_Pechstein\Claudia_Pechstein_0001.jpg,Claudia_Pechstein,Claudia_Pechstein,0.9437163472175598,1,16.154819875476004,17.04878760992054,12.845269199911016,53.95112331469244
data/dataset_5/val\Clay_Aiken\Clay_Aiken_0001.jpg,Clay_Aiken,Clay_Aiken,0.5254124999046326,1,18.2723880582774,16.356583550197108,11.673328526431128,53.697699865094364
data/dataset_5/val\Clay_Aiken\Clay_Aiken_0006.jpg,Clay_Aiken,Clay_Aiken,0.8792117834091187,1,13.342244181128594,14.025959326092291,15.161524811714292,57.47027168106482
data/dataset_5/val\Clint_Eastwood\Clint_Eastwood_0001.jpg,Clint_Eastwood,Clint_Eastwood,0.9500464200973511,1,19.72241098727054,13.65284545497439,9.53555611226338,57.08918744549169
data/dataset_5/val\Clint_Eastwood\Clint_Eastwood_0006.jpg,Clint_Eastwood,Clint_Eastwood,0.9689211249351501,1,17.367671764589975,16.22723575561489,12.37070516177482,54.034387318020315
data/dataset_5/val\Colin_Farrell\Colin_Farrell_0001.jpg,Colin_Farrell,Colin_Farrell,0.9868398904800415,1,8.30047806945157,10.530587845335695,22.34163523133488,58.827298853877856
data/dataset_5/val\Colin_Farrell\Colin_Farrell_0002.jpg,Colin_Farrell,Colin_Farrell,0.9766297340393066,1,12.601932692338705,11.877543208045592,18.85239060662015,56.66813349299555
data/dataset_5/val\Colin_Montgomerie\Colin_Montgomerie_0001.jpg,Colin_Montgomerie,Colin_Montgomerie,0.9782925248146057,1,18.17039075328056,17.600109938670464,13.192702821305389,51.03679648674359
data/dataset_5/val\Colin_Powell\Colin_Powell_0002.jpg,Colin_Powell,Michael_Chang,0.3084941804409027,0,11.436165470001498,12.835123151182465,19.322141081905542,56.406570296910495
data/dataset_5/val\Colin_Powell\Colin_Powell_0007.jpg,Colin_Powell,Colin_Powell,0.27798986434936523,1,25.21738987552483,1.652180070609946,0.17655269116770023,72.95387736269753
data/dataset_5/val\Colin_Powell\Colin_Powell_0008.jpg,Colin_Powell,George_W_Bush,0.6012325882911682,0,21.961496668295087,25.839877801592184,10.964831808082305,41.23379372203043
data/dataset_5/val\Colin_Powell\Colin_Powell_0009.jpg,Colin_Powell,Colin_Powell,0.9626388549804688,1,22.880338980152903,8.318616862188504,4.013306263222685,64.7877378944359
data/dataset_5/val\Colin_Powell\Colin_Powell_0023.jpg,Colin_Powell,Colin_Powell,0.8590902090072632,1,11.723287057904235,13.53619094837873,22.77542409151605,51.96509790220099
data/dataset_5/val\Colin_Powell\Colin_Powell_0024.jpg,Colin_Powell,Elsa_Zylberstein,0.3040672838687897,0,9.432080533260228,12.49429147166301,17.94812600891036,60.125501986166405
data/dataset_5/val\Colin_Powell\Colin_Powell_0027.jpg,Colin_Powell,Colin_Powell,0.2218085378408432,1,22.626168818323585,8.784030664242096,3.555920282731859,65.03388023470247
data/dataset_5/val\Colin_Powell\Colin_Powell_0029.jpg,Colin_Powell,Michael_Jackson,0.1379144936800003,0,16.793120654083204,15.452864493236666,14.164086483772461,53.58992836890767
data/dataset_5/val\Colin_Powell\Colin_Powell_0036.jpg,Colin_Powell,Geoff_Hoon,0.49316224455833435,0,18.12673863754445,10.769241946373718,11.077257587144315,60.026761828937516
data/dataset_5/val\Colin_Powell\Colin_Powell_0040.jpg,Colin_Powell,Colin_Powell,0.9545869827270508,1,22.004144448224196,13.328515261803146,5.763710316094454,58.9036299738782
data/dataset_5/val\Colin_Powell\Colin_Powell_0041.jpg,Colin_Powell,Colin_Powell,0.35183626413345337,1,21.628340797100282,14.375630014385482,6.077631098589554,57.91839808992468
data/dataset_5/val\Colin_Powell\Colin_Powell_0051.jpg,Colin_Powell,Colin_Powell,0.9290278553962708,1,22.657873828502776,13.338177498819173,5.552576741805835,58.45137193087221
data/dataset_5/val\Colin_Powell\Colin_Powell_0056.jpg,Colin_Powell,Colin_Powell,0.8185442090034485,1,22.462082310441126,13.344630421954902,5.575110033105236,58.61817723449874
data/dataset_5/val\Colin_Powell\Colin_Powell_0057.jpg,Colin_Powell,Condoleezza_Rice,0.2910359501838684,0,8.991274740851011,3.177646568362132,17.72826402136644,70.10281466942041
data/dataset_5/val\Colin_Powell\Colin_Powell_0058.jpg,Colin_Powell,Ari_Fleischer,0.16228939592838287,0,16.74933488475158,11.599716242281273,14.484598849261532,57.16635002370562
data/dataset_5/val\Colin_Powell\Colin_Powell_0060.jpg,Colin_Powell,Colin_Powell,0.3570864200592041,1,22.540094169650335,11.621267469207512,4.793132214780336,61.04550614636182
data/dataset_5/val\Colin_Powell\Colin_Powell_0063.jpg,Colin_Powell,Colin_Powell,0.6765927076339722,1,22.145652889798185,12.544811619298443,5.424449666253242,59.885085824650126
data/dataset_5/val\Colin_Powell\Colin_Powell_0071.jpg,Colin_Powell,Colin_Powell,0.970640242099762,1,16.57494433862587,15.21847114458444,13.445243292282445,54.76134122450725
data/dataset_5/val\Colin_Powell\Colin_Powell_0072.jpg,Colin_Powell,Colin_Powell,0.9943506717681885,1,19.172205089550243,15.627460651466361,11.056732478874604,54.14360178010879
data/dataset_5/val\Colin_Powell\Colin_Powell_0087.jpg,Colin_Powell,Colin_Powell,0.5331291556358337,1,23.90116284592535,11.450850851951607,4.582860958081708,60.065125344041334
