imagem,real,pred,confidence,correta,olhos,nariz,boca,fundo
data/dataset_10/val\Abdullah_Gul\Abdullah_Gul_0001.jpg,Abdullah_Gul,Guillermo_Coria,0.1066700741648674,0,21.91962718367902,12.121539786719232,5.370795057641559,60.58803797196019
data/dataset_10/val\Abdullah_Gul\Abdullah_Gul_0004.jpg,Abdullah_Gul,Hugo_Chavez,0.05683932825922966,0,10.041007120321561,8.905822327333324,20.866326065065724,60.18684448727939
data/dataset_10/val\Abdullah_Gul\Abdullah_Gul_0008.jpg,Abdullah_Gul,Abdullah_Gul,0.05203830450773239,1,14.036420168737791,17.067899735774347,25.19848141252998,43.69719868295788
data/dataset_10/val\Abdullah_Gul\Abdullah_Gul_0009.jpg,Abdullah_Gul,Hugo_Chavez,0.2894422709941864,0,10.867511660532239,14.417535647108721,22.4553862484494,52.25956644390964
data/dataset_10/val\Adrien_Brody\Adrien_Brody_0001.jpg,Adrien_Brody,Adrien_Brody,0.3377782106399536,1,8.160122579780815,10.01269955291642,19.11377156863993,62.71340629866283
data/dataset_10/val\Adrien_Brody\Adrien_Brody_0002.jpg,Adrien_Brody,Venus_Williams,0.08824644237756729,0,18.93658849323176,13.091627361589874,7.74096177574684,60.23082236943153
data/dataset_10/val\Adrien_Brody\Adrien_Brody_0011.jpg,Adrien_Brody,Hugo_Chavez,0.10070525109767914,0,5.324634432158273,3.7924642157393476,23.469420283050297,67.41348106905208
data/dataset_10/val\Alejandro_Toledo\Alejandro_Toledo_0002.jpg,Alejandro_Toledo,Alejandro_Toledo,0.8165684938430786,1,16.139316846409457,16.56385021742193,15.392566880337148,51.904266055831464
data/dataset_10/val\Alejandro_Toledo\Alejandro_Toledo_0006.jpg,Alejandro_Toledo,Alejandro_Toledo,0.2853505313396454,1,19.68492721695682,15.815883135190305,9.906538581352498,54.59265106650038
data/dataset_10/val\Alejandro_Toledo\Alejandro_Toledo_0007.jpg,Alejandro_Toledo,Alejandro_Toledo,0.9627006649971008,1,16.154428502459172,13.681919145192266,13.897486885093207,56.266165467255355
data/dataset_10/val\Alejandro_Toledo\Alejandro_Toledo_0008.jpg,Alejandro_Toledo,Alejandro_Toledo,0.5457753539085388,1,13.777308329085905,12.867783566498007,13.911276394066633,59.44363171034946
data/dataset_10/val\Alejandro_Toledo\Alejandro_Toledo_0009.jpg,Alejandro_Toledo,Alejandro_Toledo,0.48107728362083435,1,19.85499098845171,17.795123651438704,11.47767160987674,50.872213750232845
data/dataset_10/val\Alejandro_Toledo\Alejandro_Toledo_0015.jpg,Alejandro_Toledo,Alejandro_Toledo,0.7974227070808411,1,18.757962975523725,17.601805416182195,11.108938040992863,52.53129356730122
data/dataset_10/val\Alejandro_Toledo\Alejandro_Toledo_0016.jpg,Alejandro_Toledo,Alejandro_Toledo,0.8287691473960876,1,16.942184517661055,14.263359883810242,12.727858988224817,56.06659661030389
data/dataset_10/val\Alejandro_Toledo\Alejandro_Toledo_0018.jpg,Alejandro_Toledo,Hugo_Chavez,0.22769515216350555,0,12.072651469371062,8.88247381565724,19.28870990183992,59.756164813131775
data/dataset_10/val\Alvaro_Uribe\Alvaro_Uribe_0002.jpg,Alvaro_Uribe,Michael_Schumacher,0.18353518843650818,0,8.540700710399044,7.261153121631848,16.852239889452377,67.34590627851674
data/dataset_10/val\Alvaro_Uribe\Alvaro_Uribe_0005.jpg,Alvaro_Uribe,Alvaro_Uribe,0.13090312480926514,1,16.10385192124459,17.700981990512886,11.742431445313333,54.45273464292919
data/dataset_10/val\Alvaro_Uribe\Alvaro_Uribe_0008.jpg,Alvaro_Uribe,Norah_Jones,0.10721104592084885,0,11.573924522751776,12.958437888976114,16.67158948347793,58.79604810479418
data/dataset_10/val\Alvaro_Uribe\Alvaro_Uribe_0016.jpg,Alvaro_Uribe,Michael_Schumacher,0.11651569604873657,0,16.79866973245342,8.965437785004218,5.67785882358731,68.55803365895505
data/dataset_10/val\Alvaro_Uribe\Alvaro_Uribe_0018.jpg,Alvaro_Uribe,Alvaro_Uribe,0.09419107437133789,1,17.750226209843778,18.562268759290106,9.270203814810387,54.41730121605573
data/dataset_10/val\Alvaro_Uribe\Alvaro_Uribe_0024.jpg,Alvaro_Uribe,Alvaro_Uribe,0.25079023838043213,1,16.889954589816643,17.02222603456086,12.152312579341787,53.935506796280706
data/dataset_10/val\Alvaro_Uribe\Alvaro_Uribe_0035.jpg,Alvaro_Uribe,John_Negroponte,0.3520744740962982,0,13.79027552430644,15.154380436954654,15.233553299495837,55.82179073924307
data/dataset_10/val\Amelie_Mauresmo\Amelie_Mauresmo_0001.jpg,Amelie_Mauresmo,Amelie_Mauresmo,0.11389399319887161,1,13.8613372159857,2.35859375459351,10.39283301617686,73.38723601324392
data/dataset_10/val\Amelie_Mauresmo\Amelie_Mauresmo_0004.jpg,Amelie_Mauresmo,Amelie_Mauresmo,0.6534368395805359,1,22.881943585468274,7.698096004782342,6.437797103216028,62.98216330653335
data/dataset_10/val\Amelie_Mauresmo\Amelie_Mauresmo_0008.jpg,Amelie_Mauresmo,Amelie_Mauresmo,0.5317597389221191,1,19.209213565204337,7.304989897870911,10.003329745240164,63.48246679168459
data/dataset_10/val\Amelie_Mauresmo\Amelie_Mauresmo_0009.jpg,Amelie_Mauresmo,Amelie_Mauresmo,0.7299695014953613,1,19.210581316498043,10.720362900928142,9.921009683674216,60.1480460988996
data/dataset_10/val\Amelie_Mauresmo\Amelie_Mauresmo_0021.jpg,Amelie_Mauresmo,Alejandro_Toledo,0.07073691487312317,0,21.21275294094292,7.927018433683788,4.0444169757342525,66.81581164963904
data/dataset_10/val\Andre_Agassi\Andre_Agassi_0002.jpg,Andre_Agassi,Andre_Agassi,0.1506289541721344,1,11.711206812940004,11.277903230546247,10.865703617690741,66.14518633882301
data/dataset_10/val\Andre_Agassi\Andre_Agassi_0004.jpg,Andre_Agassi,Rubens_Barrichello,0.11338191479444504,0,14.148107519963878,15.94765218526088,13.574008212501127,56.330232082274115
data/dataset_10/val\Andre_Agassi\Andre_Agassi_0005.jpg,Andre_Agassi,John_Negroponte,0.13603292405605316,0,13.49991041801314,14.833734860778348,16.390185642785383,55.27616907842313
data/dataset_10/val\Andre_Agassi\Andre_Agassi_0008.jpg,Andre_Agassi,Andre_Agassi,0.28438451886177063,1,12.024286281949104,13.027688603312045,15.59653582299512,59.35148929174373
data/dataset_10/val\Andre_Agassi\Andre_Agassi_0015.jpg,Andre_Agassi,Andre_Agassi,0.25747478008270264,1,14.521159388713818,15.674034364533528,11.731941713722842,58.072864533029815
data/dataset_10/val\Andre_Agassi\Andre_Agassi_0016.jpg,Andre_Agassi,Andre_Agassi,0.5921092629432678,1,13.897427630698704,14.7004968690355,13.674667932921546,57.72740756734425
data/dataset_10/val\Andre_Agassi\Andre_Agassi_0018.jpg,Andre_Agassi,Andre_Agassi,0.20491644740104675,1,13.921277660097934,13.704345652259782,13.869001447305171,58.50537524033711
data/dataset_10/val\Andre_Agassi\Andre_Agassi_0024.jpg,Andre_Agassi,Andre_Agassi,0.3920326232910156,1,12.467254329979696,13.491303611991247,13.330867980604173,60.710574077424894
data/dataset_10/val\Andy_Roddick\Andy_Roddick_0001.jpg,Andy_Roddick,Roger_Federer,0.1702146679162979,0,19.822173027052663,12.045917841674115,7.995199261009166,60.136709870264056
data/dataset_10/val\Andy_Roddick\Andy_Roddick_0002.jpg,Andy_Roddick,Jennifer_Capriati,0.16776157915592194,0,22.099729897401502,3.5310941119648733,3.86909137615385,70.50008461447977
data/dataset_10/val\Andy_Roddick\Andy_Roddick_0011.jpg,Andy_Roddick,Amelie_Mauresmo,0.2771967053413391,0,21.823624361753726,6.096280897295616,6.363530923096813,65.71656381785384
data/dataset_10/val\Angelina_Jolie\Angelina_Jolie_0001.jpg,Angelina_Jolie,Angelina_Jolie,0.3130120038986206,1,11.216868079196017,9.111431877746206,20.6816965337925,58.99000350926528
data/dataset_10/val\Angelina_Jolie\Angelina_Jolie_0004.jpg,Angelina_Jolie,Angelina_Jolie,0.27387306094169617,1,8.86027075545027,6.4989284236293585,19.516101806918197,65.12469901400218
data/dataset_10/val\Angelina_Jolie\Angelina_Jolie_0008.jpg,Angelina_Jolie,Angelina_Jolie,0.25840044021606445,1,5.021755710373846,6.991673017854076,24.326219401104844,63.660351870667235
data/dataset_10/val\Angelina_Jolie\Angelina_Jolie_0009.jpg,Angelina_Jolie,Angelina_Jolie,0.15285144746303558,1,4.794923894502443,7.464146287225376,25.98177211416251,61.75915770410967
data/dataset_10/val\Ann_Veneman\Ann_Veneman_0001.jpg,Ann_Veneman,Lance_Armstrong,0.07495458424091339,0,20.853851135849332,12.492743637202322,9.970728212401836,56.68267701454651
data/dataset_10/val\Ann_Veneman\Ann_Veneman_0002.jpg,Ann_Veneman,Eduardo_Duhalde,0.07475972175598145,0,16.65622732770074,17.921763035717323,11.992318219008359,53.42969141757357
data/dataset_10/val\Ann_Veneman\Ann_Veneman_0011.jpg,Ann_Veneman,Kim_Clijsters,0.1425526887178421,0,11.946521383897906,11.948551613624312,17.14882833373861,58.95609866873917
data/dataset_10/val\Anna_Kournikova\Anna_Kournikova_0001.jpg,Anna_Kournikova,Lindsay_Davenport,0.07901840656995773,0,19.832291038653697,16.897675189021946,7.8082376149846535,55.461796157339705
data/dataset_10/val\Anna_Kournikova\Anna_Kournikova_0002.jpg,Anna_Kournikova,Anna_Kournikova,0.5294948220252991,1,13.866972937519497,13.057801691912967,14.224188422269798,58.85103694829774
data/dataset_10/val\Anna_Kournikova\Anna_Kournikova_0011.jpg,Anna_Kournikova,Gloria_Macapagal_Arroyo,0.15232862532138824,0,13.404887624901793,13.967887532612561,13.649083662388481,58.97814118009717
data/dataset_10/val\Ari_Fleischer\Ari_Fleischer_0001.jpg,Ari_Fleischer,Andre_Agassi,0.19506101310253143,0,14.012963655694996,15.172452621047121,13.322068955143791,57.49251476811409
data/dataset_10/val\Ari_Fleischer\Ari_Fleischer_0002.jpg,Ari_Fleischer,Colin_Powell,0.10307518392801285,0,23.75030697910125,12.145260864588705,9.772466423774176,54.33196573253586
data/dataset_10/val\Ari_Fleischer\Ari_Fleischer_0011.jpg,Ari_Fleischer,Andre_Agassi,0.18440201878547668,0,12.868360482881817,13.327877147129986,14.011962564242943,59.791799805745256
data/dataset_10/val\Ariel_Sharon\Ariel_Sharon_0004.jpg,Ariel_Sharon,Ariel_Sharon,0.31487321853637695,1,8.898718833368244,12.494459713764714,21.559901967119263,57.04691948574778
data/dataset_10/val\Ariel_Sharon\Ariel_Sharon_0005.jpg,Ariel_Sharon,Igor_Ivanov,0.1369502693414688,0,21.31119653296787,15.219507505490327,6.682888813368534,56.78640714817327
data/dataset_10/val\Ariel_Sharon\Ariel_Sharon_0012.jpg,Ariel_Sharon,Ariel_Sharon,0.6847802996635437,1,8.387959306428897,10.148248856789417,20.437874702175634,61.025917134606054
data/dataset_10/val\Ariel_Sharon\Ariel_Sharon_0014.jpg,Ariel_Sharon,Ariel_Sharon,0.3139890432357788,1,6.305185628373599,9.955408317269594,22.906430188748054,60.832975865608766
data/dataset_10/val\Ariel_Sharon\Ariel_Sharon_0015.jpg,Ariel_Sharon,Ariel_Sharon,0.6893397569656372,1,10.031154712111578,11.386736338565608,16.256620634175306,62.32548831514751
data/dataset_10/val\Ariel_Sharon\Ariel_Sharon_0018.jpg,Ariel_Sharon,Joe_Lieberman,0.11642374098300934,0,11.571260813360018,12.44978481089187,16.801991557988778,59.17696281775933
data/dataset_10/val\Ariel_Sharon\Ariel_Sharon_0028.jpg,Ariel_Sharon,Ariel_Sharon,0.17226926982402802,1,11.536077989830288,13.17771577951265,16.284081726965443,59.00212450369162
data/dataset_10/val\Ariel_Sharon\Ariel_Sharon_0029.jpg,Ariel_Sharon,Ariel_Sharon,0.3839806914329529,1,8.933892693902193,11.567364425272805,19.718138911071858,59.780603969753145
data/dataset_10/val\Ariel_Sharon\Ariel_Sharon_0032.jpg,Ariel_Sharon,Paul_Burrell,0.0645701214671135,0,16.844596945522326,15.762046878432558,13.626405388326958,53.76695078771816
data/dataset_10/val\Ariel_Sharon\Ariel_Sharon_0033.jpg,Ariel_Sharon,Tiger_Woods,0.058713577687740326,0,11.8416669874137,14.079600308693736,16.685019088175558,57.393713615717004
data/dataset_10/val\Ariel_Sharon\Ariel_Sharon_0036.jpg,Ariel_Sharon,Ariel_Sharon,0.24393056333065033,1,6.385719121747565,9.701446066842328,23.654947788632438,60.257887022777666
data/dataset_10/val\Ariel_Sharon\Ariel_Sharon_0055.jpg,Ariel_Sharon,Ariel_Sharon,0.2596454918384552,1,13.463812708991695,15.723597083099474,14.479419403543679,56.33317080436515
data/dataset_10/val\Ariel_Sharon\Ariel_Sharon_0069.jpg,Ariel_Sharon,Ariel_Sharon,0.42593100666999817,1,8.340506641813024,11.255558075169818,21.40578670629962,58.99814857671754
data/dataset_10/val\Ariel_Sharon\Ariel_Sharon_0070.jpg,Ariel_Sharon,Ariel_Sharon,0.2125949263572693,1,0.9760653381496767,3.6161049556810685,22.075738101788772,73.3320916043805
data/dataset_10/val\Ariel_Sharon\Ariel_Sharon_0076.jpg,Ariel_Sharon,Ariel_Sharon,0.5559031963348389,1,6.234503231669398,8.554442231541506,18.49137972473787,66.71967481205122
data/dataset_10/val\Ariel_Sharon\Ariel_Sharon_0077.jpg,Ariel_Sharon,Igor_Ivanov,0.33393192291259766,0,19.252401684846767,16.803599013342374,11.096577520057165,52.84742178175369
data/dataset_10/val\Arnold_Schwarzenegger\Arnold_Schwarzenegger_0002.jpg,Arnold_Schwarzenegger,Arnold_Schwarzenegger,0.09672113507986069,1,21.78705715177351,15.133438014425874,6.814358406861038,56.26514642693958
data/dataset_10/val\Arnold_Schwarzenegger\Arnold_Schwarzenegger_0006.jpg,Arnold_Schwarzenegger,Jose_Maria_Aznar,0.16418109834194183,0,19.92066847723087,14.669479601146934,9.205311968211786,56.20453995341041
data/dataset_10/val\Arnold_Schwarzenegger\Arnold_Schwarzenegger_0007.jpg,Arnold_Schwarzenegger,Arnold_Schwarzenegger,0.47962313890457153,1,11.514310983843094,12.303507608827697,13.480776544247801,62.70140486308141
data/dataset_10/val\Arnold_Schwarzenegger\Arnold_Schwarzenegger_0008.jpg,Arnold_Schwarzenegger,Alejandro_Toledo,0.18080267310142517,0,12.698510070052405,8.136419784233972,11.327481409537741,67.83758873617589
data/dataset_10/val\Arnold_Schwarzenegger\Arnold_Schwarzenegger_0009.jpg,Arnold_Schwarzenegger,David_Beckham,0.18022723495960236,0,15.184041764213045,14.491863337811372,9.350635168181793,60.97345972979379
data/dataset_10/val\Arnold_Schwarzenegger\Arnold_Schwarzenegger_0015.jpg,Arnold_Schwarzenegger,Arnold_Schwarzenegger,0.18868675827980042,1,11.356220049532848,12.245394621597628,16.64305087172435,59.755334457145175
data/dataset_10/val\Arnold_Schwarzenegger\Arnold_Schwarzenegger_0016.jpg,Arnold_Schwarzenegger,Gerhard_Schroeder,0.07397156208753586,0,19.238890787741493,14.231408435128245,7.582378209488969,58.947322567641294
data/dataset_10/val\Arnold_Schwarzenegger\Arnold_Schwarzenegger_0018.jpg,Arnold_Schwarzenegger,Arnold_Schwarzenegger,0.554997444152832,1,12.597275762019315,14.83894556516972,18.40110733440877,54.16267133840219
data/dataset_10/val\Arnold_Schwarzenegger\Arnold_Schwarzenegger_0041.jpg,Arnold_Schwarzenegger,Arnold_Schwarzenegger,0.6626703143119812,1,15.278592668870271,16.168464380529763,15.15284149285716,53.40010145774281
data/dataset_10/val\Atal_Bihari_Vajpayee\Atal_Bihari_Vajpayee_0001.jpg,Atal_Bihari_Vajpayee,Atal_Bihari_Vajpayee,0.1422114223241806,1,19.566975650331752,15.319494975959426,10.002793434137285,55.11073593957153
data/dataset_10/val\Atal_Bihari_Vajpayee\Atal_Bihari_Vajpayee_0004.jpg,Atal_Bihari_Vajpayee,Atal_Bihari_Vajpayee,0.3058330714702606,1,19.104964004654622,16.922766503367445,7.4882085718664815,56.484060920111446
data/dataset_10/val\Atal_Bihari_Vajpayee\Atal_Bihari_Vajpayee_0008.jpg,Atal_Bihari_Vajpayee,Atal_Bihari_Vajpayee,0.5010280609130859,1,18.959568460773266,16.681049119385026,10.863515221556975,53.495867198284735
data/dataset_10/val\Atal_Bihari_Vajpayee\Atal_Bihari_Vajpayee_0009.jpg,Atal_Bihari_Vajpayee,Atal_Bihari_Vajpayee,0.5568296909332275,1,19.330868380299567,16.9024094490084,8.799805450013594,54.96691672067844
data/dataset_10/val\Atal_Bihari_Vajpayee\Atal_Bihari_Vajpayee_0021.jpg,Atal_Bihari_Vajpayee,John_Negroponte,0.19113357365131378,0,18.13367567820825,17.298301606134352,11.536158147843047,53.03186456781435
data/dataset_10/val\Bill_Clinton\Bill_Clinton_0001.jpg,Bill_Clinton,Michael_Schumacher,0.0709204375743866,0,11.17506261790743,13.091047633409044,15.380051885013991,60.35383786366953
data/dataset_10/val\Bill_Clinton\Bill_Clinton_0004.jpg,Bill_Clinton,Bill_Clinton,0.6701222062110901,1,21.366731353965,10.82111755667581,6.985356219778057,60.82679486958113
data/dataset_10/val\Bill_Clinton\Bill_Clinton_0008.jpg,Bill_Clinton,Gray_Davis,0.16592751443386078,0,15.2904666116513,5.174845697834871,15.768949653129736,63.76573803738409
data/dataset_10/val\Bill_Clinton\Bill_Clinton_0009.jpg,Bill_Clinton,Jean_Charest,0.05993887782096863,0,7.878170458828446,9.062756103416241,19.523136395667123,63.535937042088186
data/dataset_10/val\Bill_Clinton\Bill_Clinton_0021.jpg,Bill_Clinton,Bill_Clinton,0.33647578954696655,1,26.102899387819747,3.6527185625180945,1.7064912591691015,68.53789079049305
data/dataset_10/val\Bill_Clinton\Bill_Clinton_0024.jpg,Bill_Clinton,Bill_Clinton,0.24149970710277557,1,23.90030333706121,7.404763840794574,3.0612980344446927,65.63363478769952
data/dataset_10/val\Bill_Gates\Bill_Gates_0001.jpg,Bill_Gates,Colin_Powell,0.15650717914104462,0,18.82196134181359,4.314692239838123,8.580272030007267,68.28307438834102
data/dataset_10/val\Bill_Gates\Bill_Gates_0004.jpg,Bill_Gates,Julianne_Moore,0.1697331666946411,0,20.38294732419714,10.241105646437699,9.781087240457706,59.594859788907456
data/dataset_10/val\Bill_Gates\Bill_Gates_0005.jpg,Bill_Gates,George_Robertson,0.062238119542598724,0,21.039626736844216,12.557876283282464,8.167327943996924,58.235169035876396
data/dataset_10/val\Bill_Gates\Bill_Gates_0012.jpg,Bill_Gates,Edmund_Stoiber,0.1310267299413681,0,21.926159880580272,16.63596837674574,11.653066161224665,49.784805581449326
data/dataset_10/val\Bill_McBride\Bill_McBride_0001.jpg,Bill_McBride,Gray_Davis,0.048350896686315536,0,11.721661673376467,14.44677358112996,17.355433966906652,56.47613077858693
data/dataset_10/val\Bill_McBride\Bill_McBride_0002.jpg,Bill_McBride,Gray_Davis,0.09607663750648499,0,14.616237039096724,12.731185129484736,14.08565790051394,58.566919930904604
data/dataset_10/val\Bill_Simon\Bill_Simon_0001.jpg,Bill_Simon,Andre_Agassi,0.18604470789432526,0,11.76351185122247,11.956708389281038,18.48894444779089,57.79083531170561
data/dataset_10/val\Bill_Simon\Bill_Simon_0002.jpg,Bill_Simon,Bill_Simon,0.40346360206604004,1,17.412902661811742,16.302192617030318,10.650836056057072,55.63406866510087
data/dataset_10/val\Bill_Simon\Bill_Simon_0011.jpg,Bill_Simon,Bill_Simon,0.14382457733154297,1,16.44538550418636,17.12976694623659,12.158981176124291,54.26586637345276
data/dataset_10/val\Britney_Spears\Britney_Spears_0001.jpg,Britney_Spears,Britney_Spears,0.12442130595445633,1,11.39913656480984,13.234585894853092,19.48375502344345,55.882522516893616
data/dataset_10/val\Britney_Spears\Britney_Spears_0002.jpg,Britney_Spears,Naomi_Watts,0.14381831884384155,0,12.062536967408883,14.00732064639842,17.089279271741955,56.84086311445074
data/dataset_10/val\Britney_Spears\Britney_Spears_0011.jpg,Britney_Spears,Britney_Spears,0.41401079297065735,1,13.499770975375814,13.755793458061067,17.4270795713516,55.31735599521152
data/dataset_10/val\Carlos_Menem\Carlos_Menem_0001.jpg,Carlos_Menem,Tommy_Thompson,0.05784420296549797,0,5.164560907881771,5.137829784251081,19.193414073277516,70.50419523458963
data/dataset_10/val\Carlos_Menem\Carlos_Menem_0004.jpg,Carlos_Menem,Tiger_Woods,0.06790018081665039,0,9.966369540607237,12.759257946567805,19.08900321449329,58.185369298331665
data/dataset_10/val\Carlos_Menem\Carlos_Menem_0008.jpg,Carlos_Menem,Jack_Straw,0.09393038600683212,0,12.522126877625563,13.022475318415683,14.85609277800596,59.599305025952795
data/dataset_10/val\Carlos_Menem\Carlos_Menem_0009.jpg,Carlos_Menem,Tommy_Thompson,0.0804065391421318,0,12.689958717844817,14.366284176549119,15.21910454178143,57.724652563824634
data/dataset_10/val\Carlos_Menem\Carlos_Menem_0021.jpg,Carlos_Menem,Tim_Henman,0.06843359768390656,0,9.68318070117836,14.028121404987479,24.035976406026236,52.252721487807925
data/dataset_10/val\Carlos_Moya\Carlos_Moya_0001.jpg,Carlos_Moya,Carlos_Moya,0.4585878849029541,1,14.080508608777825,14.53687629874375,16.85105524981807,54.53155984266036
data/dataset_10/val\Carlos_Moya\Carlos_Moya_0004.jpg,Carlos_Moya,Carlos_Moya,0.19688473641872406,1,11.300782120921959,12.293551161226436,16.399979990197263,60.00568672765434
data/dataset_10/val\Carlos_Moya\Carlos_Moya_0008.jpg,Carlos_Moya,Lance_Armstrong,0.053884949535131454,0,19.66711265603125,15.617351445373453,10.781384420152387,53.934151478442914
data/dataset_10/val\Carlos_Moya\Carlos_Moya_0009.jpg,Carlos_Moya,Andre_Agassi,0.09894996136426926,0,11.705595714164085,11.743460201986663,14.299678501586794,62.25126558226246
data/dataset_10/val\Catherine_Zeta-Jones\Catherine_Zeta-Jones_0001.jpg,Catherine_Zeta-Jones,Jennifer_Lopez,0.23079189658164978,0,13.295788052768506,13.327964313722152,20.920563931916806,52.455683701592534
data/dataset_10/val\Catherine_Zeta-Jones\Catherine_Zeta-Jones_0002.jpg,Catherine_Zeta-Jones,Jean_Charest,0.13996562361717224,0,20.19115893599404,12.483994506803317,8.208740379544768,59.116106177657876
data/dataset_10/val\Catherine_Zeta-Jones\Catherine_Zeta-Jones_0011.jpg,Catherine_Zeta-Jones,Julianne_Moore,0.050093136727809906,0,14.70645993155378,16.543742964194216,13.71413596129466,55.035661142957345
data/dataset_10/val\Charles_Moose\Charles_Moose_0001.jpg,Charles_Moose,Condoleezza_Rice,0.0582340843975544,0,13.468394906622283,15.198396978560602,13.149514703483169,58.18369341133395
data/dataset_10/val\Charles_Moose\Charles_Moose_0002.jpg,Charles_Moose,Charles_Moose,0.3181886076927185,1,12.733354772183008,12.698318454313856,17.865067020131693,56.70325975337144
data/dataset_10/val\Charles_Moose\Charles_Moose_0011.jpg,Charles_Moose,Charles_Moose,0.12343329936265945,1,9.503769223437942,11.57660858513444,19.417335974074152,59.502286217353465
data/dataset_10/val\Colin_Powell\Colin_Powell_0002.jpg,Colin_Powell,Joe_Lieberman,0.14122141897678375,0,13.342998923688354,14.420721177567692,14.502096465260982,57.73418343348297
data/dataset_10/val\Colin_Powell\Colin_Powell_0007.jpg,Colin_Powell,Colin_Powell,0.41440892219543457,1,25.021130037944044,1.4443310272255594,0.45551919955153036,73.07901973527886
data/dataset_10/val\Colin_Powell\Colin_Powell_0008.jpg,Colin_Powell,Colin_Powell,0.4675963819026947,1,23.657694547820867,2.23223706588559,3.9438196897997093,70.16624869649384
data/dataset_10/val\Colin_Powell\Colin_Powell_0009.jpg,Colin_Powell,Colin_Powell,0.2943033277988434,1,19.352578045608727,1.76290340486331,4.972593553843942,73.91192499568402
data/dataset_10/val\Colin_Powell\Colin_Powell_0023.jpg,Colin_Powell,John_Negroponte,0.0950474664568901,0,16.5585133362376,13.877818190669242,11.509920627528906,58.05374784556425
data/dataset_10/val\Colin_Powell\Colin_Powell_0024.jpg,Colin_Powell,Colin_Powell,0.22291862964630127,1,26.38160169360709,2.0916949792872916,0.3918220835834411,71.13488124352217
data/dataset_10/val\Colin_Powell\Colin_Powell_0027.jpg,Colin_Powell,Colin_Powell,0.19928507506847382,1,28.33673884181332,1.7392436042548816,0.22443161557743607,69.69958593835436
data/dataset_10/val\Colin_Powell\Colin_Powell_0029.jpg,Colin_Powell,Colin_Powell,0.2907913327217102,1,25.614041221816688,4.108008947527945,1.3354756047933747,68.942474225862
data/dataset_10/val\Colin_Powell\Colin_Powell_0036.jpg,Colin_Powell,Colin_Powell,0.35520896315574646,1,23.910677433794767,1.3515944284947394,0.5103432029781646,74.22738493473234
data/dataset_10/val\Colin_Powell\Colin_Powell_0040.jpg,Colin_Powell,Colin_Powell,0.9684599041938782,1,23.798955794757674,10.451587246595723,6.501044430719348,59.24841252792726
data/dataset_10/val\Colin_Powell\Colin_Powell_0041.jpg,Colin_Powell,Colin_Powell,0.1796959787607193,1,25.374021937647672,6.2668282107836895,2.1774679690397862,66.18168188252885
data/dataset_10/val\Colin_Powell\Colin_Powell_0051.jpg,Colin_Powell,Colin_Powell,0.21076372265815735,1,23.626337472471686,6.393513018582744,2.490339011542028,67.48981049740354
data/dataset_10/val\Colin_Powell\Colin_Powell_0056.jpg,Colin_Powell,Colin_Powell,0.9585428237915039,1,23.148312422432735,5.517877808438768,2.825466800136307,68.5083429689922
data/dataset_10/val\Colin_Powell\Colin_Powell_0057.jpg,Colin_Powell,Colin_Powell,0.9546563029289246,1,20.694329679598365,6.522710489068399,5.8910343421430955,66.89192548919014
data/dataset_10/val\Colin_Powell\Colin_Powell_0058.jpg,Colin_Powell,Colin_Powell,0.12443822622299194,1,25.088115187639055,1.3680442914421664,0.0,73.54384052091878
data/dataset_10/val\Colin_Powell\Colin_Powell_0060.jpg,Colin_Powell,Colin_Powell,0.8182441592216492,1,22.194952055761703,3.259436728073686,1.9896007471511712,72.55601046901344
data/dataset_10/val\Colin_Powell\Colin_Powell_0063.jpg,Colin_Powell,Colin_Powell,0.49358856678009033,1,28.17874582750573,4.630167198718469,1.2470476798020802,65.94403929397372
data/dataset_10/val\Colin_Powell\Colin_Powell_0071.jpg,Colin_Powell,Colin_Powell,0.7486647963523865,1,15.969825169475026,2.496922747799871,9.995105434692396,71.53814664803271
data/dataset_10/val\Colin_Powell\Colin_Powell_0072.jpg,Colin_Powell,Colin_Powell,0.7954649925231934,1,19.446898758414406,2.779472476842303,5.682710462728579,72.09091830201471
data/dataset_10/val\Colin_Powell\Colin_Powell_0087.jpg,Colin_Powell,Colin_Powell,0.08276259899139404,1,27.850970597228685,1.6235008972528704,0.0,70.52552850551844
data/dataset_10/val\Colin_Powell\Colin_Powell_0088.jpg,Colin_Powell,Colin_Powell,0.6965094804763794,1,22.296112770362534,1.586850145574597,2.669358991817451,73.44767809224544
data/dataset_10/val\Colin_Powell\Colin_Powell_0098.jpg,Colin_Powell,Colin_Powell,0.34137511253356934,1,15.39464631049631,2.7810934010867814,11.788396054960101,70.0358642334568
data/dataset_10/val\Colin_Powell\Colin_Powell_0108.jpg,Colin_Powell,Colin_Powell,0.12324527651071548,1,20.049977928109502,1.825429910741315,5.138982332147342,72.98560982900185
data/dataset_10/val\Colin_Powell\Colin_Powell_0109.jpg,Colin_Powell,John_Negroponte,0.06591237336397171,0,16.359700944315257,18.104849725723852,13.297517571927028,52.23793175803387
data/dataset_10/val\Colin_Powell\Colin_Powell_0115.jpg,Colin_Powell,Colin_Powell,0.14829285442829132,1,18.01279775178391,2.0602821453400524,7.044489431144318,72.88243067173173
data/dataset_10/val\Colin_Powell\Colin_Powell_0130.jpg,Colin_Powell,Colin_Powell,0.260938435792923,1,24.93779569611642,2.0386710638919174,0.44402058238708486,72.57951265760458
data/dataset_10/val\Colin_Powell\Colin_Powell_0140.jpg,Colin_Powell,Colin_Powell,0.7678053379058838,1,16.39050132510236,3.8225264839788653,10.684939277638692,69.10203291328008
data/dataset_10/val\Colin_Powell\Colin_Powell_0144.jpg,Colin_Powell,Colin_Powell,0.733922004699707,1,18.643466401720303,1.9905465190307305,6.880112114659688,72.48587496458929
data/dataset_10/val\Colin_Powell\Colin_Powell_0151.jpg,Colin_Powell,Colin_Powell,0.8097463846206665,1,23.6153706014908,3.637586146330102,3.2312583539436064,69.5157848982355
data/dataset_10/val\Colin_Powell\Colin_Powell_0152.jpg,Colin_Powell,Colin_Powell,0.23849840462207794,1,20.369623400743198,8.254316004142122,7.190634994519974,64.1854256005947
data/dataset_10/val\Colin_Powell\Colin_Powell_0155.jpg,Colin_Powell,Colin_Powell,0.06272917240858078,1,25.41670349074644,1.3984259278351863,0.0,73.18487058141838
data/dataset_10/val\Colin_Powell\Colin_Powell_0164.jpg,Colin_Powell,Colin_Powell,0.4295600354671478,1,21.64002970161791,1.649787200596601,3.31534976067933,73.39483333710616
data/dataset_10/val\Colin_Powell\Colin_Powell_0167.jpg,Colin_Powell,Colin_Powell,0.16148649156093597,1,25.22564743247015,1.6163310134614182,0.15280377715751473,73.00521777691092
data/dataset_10/val\Colin_Powell\Colin_Powell_0174.jpg,Colin_Powell,Colin_Powell,0.8415922522544861,1,25.926588655988375,6.527872645525254,2.6438539339911897,64.90168476449519
data/dataset_10/val\Colin_Powell\Colin_Powell_0179.jpg,Colin_Powell,Colin_Powell,0.7393449544906616,1,23.203218243785393,6.251226593733928,4.621638248511586,65.9239169139691
data/dataset_10/val\Colin_Powell\Colin_Powell_0180.jpg,Colin_Powell,Colin_Powell,0.5277134776115417,1,24.109439749607034,5.921626187052256,3.5284075339669982,66.44052652937371
data/dataset_10/val\Colin_Powell\Colin_Powell_0184.jpg,Colin_Powell,Colin_Powell,0.5154798626899719,1,24.44556781871988,1.3750982050602012,0.36723678306359336,73.81209719315632
data/dataset_10/val\Colin_Powell\Colin_Powell_0189.jpg,Colin_Powell,Colin_Powell,0.9130918979644775,1,23.169242473174336,4.868662421537578,5.005848458613169,66.95624664667491
data/dataset_10/val\Colin_Powell\Colin_Powell_0190.jpg,Colin_Powell,Colin_Powell,0.16386644542217255,1,24.310799204247786,1.8087667627587942,2.8303777668622154,71.05005626613121
data/dataset_10/val\Colin_Powell\Colin_Powell_0195.jpg,Colin_Powell,Colin_Powell,0.12763231992721558,1,28.87164057410563,1.7178731352528422,0.0,69.41048629064153
data/dataset_10/val\Colin_Powell\Colin_Powell_0202.jpg,Colin_Powell,Colin_Powell,0.8885040283203125,1,20.494289690969612,4.349742694885612,4.867142258440579,70.28882535570419
data/dataset_10/val\Colin_Powell\Colin_Powell_0217.jpg,Colin_Powell,Colin_Powell,0.7550445199012756,1,24.17107479107704,3.2809353188834653,1.2065770842926837,71.34141280574681
data/dataset_10/val\Colin_Powell\Colin_Powell_0218.jpg,Colin_Powell,Colin_Powell,0.20633815228939056,1,24.416991179281098,5.508957323017189,1.8109168564573763,68.26313464124433
data/dataset_10/val\Colin_Powell\Colin_Powell_0221.jpg,Colin_Powell,Colin_Powell,0.4405093789100647,1,24.368051692616117,2.1690314109828672,0.47322796542723095,72.98968893097378
data/dataset_10/val\Colin_Powell\Colin_Powell_0224.jpg,Colin_Powell,Colin_Powell,0.6472387909889221,1,16.144494575996866,2.145366498721658,9.106346252052978,72.6037926732285
data/dataset_10/val\Colin_Powell\Colin_Powell_0227.jpg,Colin_Powell,Colin_Powell,0.39200901985168457,1,17.5519039048447,2.27860170385738,9.027488755253136,71.14200563604479
data/dataset_10/val\Colin_Powell\Colin_Powell_0233.jpg,Colin_Powell,Colin_Powell,0.6474372148513794,1,21.44989549922165,5.693903051322472,3.0784917015436712,69.7777097479122
data/dataset_10/val\Colin_Powell\Colin_Powell_0234.jpg,Colin_Powell,Colin_Powell,0.565865159034729,1,17.14610063047518,4.828247097879707,9.590177313336653,68.43547495830846
data/dataset_10/val\Condoleezza_Rice\Condoleezza_Rice_0001.jpg,Condoleezza_Rice,Tom_Ridge,0.12470679730176926,0,9.535658477526354,11.91875294195827,20.390819624070616,58.15476895644476
data/dataset_10/val\Condoleezza_Rice\Condoleezza_Rice_0002.jpg,Condoleezza_Rice,Condoleezza_Rice,0.16634196043014526,1,8.318888630450138,10.379466454601086,17.483626204528083,63.818018710420695
data/dataset_10/val\Condoleezza_Rice\Condoleezza_Rice_0011.jpg,Condoleezza_Rice,Angelina_Jolie,0.06761165708303452,0,11.412471226530633,7.661821854603627,18.62578221090988,62.29992470795586
data/dataset_10/val\David_Beckham\David_Beckham_0001.jpg,David_Beckham,David_Beckham,0.5142858624458313,1,11.395487575432218,13.419745542632823,15.035101821544568,60.14966506039039
data/dataset_10/val\David_Beckham\David_Beckham_0004.jpg,David_Beckham,David_Beckham,0.642571747303009,1,11.165403856778202,13.998697823283683,17.18172405829333,57.65417426164478
data/dataset_10/val\David_Beckham\David_Beckham_0008.jpg,David_Beckham,David_Beckham,0.18142221868038177,1,11.643405421013272,14.35005278773933,16.98763142499825,57.01891036624915
data/dataset_10/val\David_Beckham\David_Beckham_0009.jpg,David_Beckham,David_Beckham,0.381466269493103,1,11.586265488477279,14.244062738859498,16.525484992960042,57.64418677970318
data/dataset_10/val\David_Beckham\David_Beckham_0021.jpg,David_Beckham,David_Beckham,0.54233717918396,1,11.7947572223463,14.665348373627156,16.712965819238626,56.82692858478792
data/dataset_10/val\David_Beckham\David_Beckham_0024.jpg,David_Beckham,David_Beckham,0.6620487570762634,1,12.392727949023973,14.629066821162736,14.629441275822037,58.348763953991245
data/dataset_10/val\David_Beckham\David_Beckham_0026.jpg,David_Beckham,David_Beckham,0.45404252409935,1,11.58254705430885,14.595947416854724,17.07170872302024,56.74979680581619
data/dataset_10/val\David_Nalbandian\David_Nalbandian_0001.jpg,David_Nalbandian,Lance_Armstrong,0.15660901367664337,0,9.772232892955062,10.048574761551695,18.572231114812315,61.60696123068093
data/dataset_10/val\David_Nalbandian\David_Nalbandian_0002.jpg,David_Nalbandian,Lance_Armstrong,0.2334170639514923,0,11.304053544967257,7.770187794849419,17.72906220671812,63.19669645346521
data/dataset_10/val\David_Nalbandian\David_Nalbandian_0011.jpg,David_Nalbandian,David_Nalbandian,0.13310590386390686,1,13.214088993745536,14.375847522821688,16.052142062914008,56.357921420518764
data/dataset_10/val\Dick_Cheney\Dick_Cheney_0001.jpg,Dick_Cheney,John_Howard,0.1976349949836731,0,15.087202030421427,16.083741851871622,12.823068722000816,56.005987395706136
data/dataset_10/val\Dick_Cheney\Dick_Cheney_0002.jpg,Dick_Cheney,John_Negroponte,0.1535947620868683,0,14.233040296449449,15.296639439557932,15.833100372184422,54.6372198918082
data/dataset_10/val\Dick_Cheney\Dick_Cheney_0011.jpg,Dick_Cheney,Mohammad_Khatami,0.0684177353978157,0,19.013466233802117,14.404942501855722,10.613063146496744,55.968528117845416
data/dataset_10/val\Dominique_de_Villepin\Dominique_de_Villepin_0001.jpg,Dominique_de_Villepin,Gray_Davis,0.10040522366762161,0,14.708528615098516,12.407888831789585,14.004595743588377,58.878986809523525
data/dataset_10/val\Dominique_de_Villepin\Dominique_de_Villepin_0002.jpg,Dominique_de_Villepin,Dominique_de_Villepin,0.07687093317508698,1,14.74438663544594,14.2971383769197,16.900813374048482,54.05766161358588
data/dataset_10/val\Dominique_de_Villepin\Dominique_de_Villepin_0011.jpg,Dominique_de_Villepin,Michael_Bloomberg,0.13358347117900848,0,17.141530748325852,16.795617605164995,10.310654544113504,55.75219710239565
data/dataset_10/val\Donald_Rumsfeld\Donald_Rumsfeld_0004.jpg,Donald_Rumsfeld,John_Howard,0.11463576555252075,0,17.046515631402414,16.90970922363482,14.182297976289547,51.86147716867322
data/dataset_10/val\Donald_Rumsfeld\Donald_Rumsfeld_0005.jpg,Donald_Rumsfeld,John_Howard,0.24769888818264008,0,16.261960009451272,19.078137916273832,13.898594639986444,50.76130743428845
data/dataset_10/val\Donald_Rumsfeld\Donald_Rumsfeld_0012.jpg,Donald_Rumsfeld,Donald_Rumsfeld,0.16005533933639526,1,17.946745299034916,18.72674866463167,11.205498624985815,52.1210074113476
data/dataset_10/val\Donald_Rumsfeld\Donald_Rumsfeld_0014.jpg,Donald_Rumsfeld,Rubens_Barrichello,0.0939355120062828,0,17.40491015238727,16.585658707032252,12.173817147552587,53.83561399302789
data/dataset_10/val\Donald_Rumsfeld\Donald_Rumsfeld_0015.jpg,Donald_Rumsfeld,Donald_Rumsfeld,0.17500406503677368,1,16.476122042902208,16.63349152202886,10.29118282464522,56.59920361042371
data/dataset_10/val\Donald_Rumsfeld\Donald_Rumsfeld_0018.jpg,Donald_Rumsfeld,Mohammad_Khatami,0.15026399493217468,0,20.939812196590697,12.545494323470097,8.68204097298906,57.83265250695014
data/dataset_10/val\Donald_Rumsfeld\Donald_Rumsfeld_0028.jpg,Donald_Rumsfeld,Jacques_Rogge,0.1256752908229828,0,21.206915695092203,19.4662202936806,14.473023930232754,44.853840080994445
data/dataset_10/val\Donald_Rumsfeld\Donald_Rumsfeld_0029.jpg,Donald_Rumsfeld,Donald_Rumsfeld,0.12488405406475067,1,16.907613973513403,13.034500174268265,11.430668856290364,58.62721699592797
data/dataset_10/val\Donald_Rumsfeld\Donald_Rumsfeld_0030.jpg,Donald_Rumsfeld,Donald_Rumsfeld,0.46166208386421204,1,14.386470014810989,14.94970075169513,13.213285449005346,57.45054378448854
data/dataset_10/val\Donald_Rumsfeld\Donald_Rumsfeld_0032.jpg,Donald_Rumsfeld,Donald_Rumsfeld,0.34769925475120544,1,17.248516572865842,17.33980975136939,11.460984141166282,53.95068953459849
data/dataset_10/val\Donald_Rumsfeld\Donald_Rumsfeld_0036.jpg,Donald_Rumsfeld,Tiger_Woods,0.05032724887132645,0,15.38395184378479,15.259850367084349,13.05211439413782,56.30408339499304
data/dataset_10/val\Donald_Rumsfeld\Donald_Rumsfeld_0055.jpg,Donald_Rumsfeld,Donald_Rumsfeld,0.1384100764989853,1,14.695981738501686,15.980918838288483,15.240545829365468,54.082553593844366
data/dataset_10/val\Donald_Rumsfeld\Donald_Rumsfeld_0065.jpg,Donald_Rumsfeld,Donald_Rumsfeld,0.2791987657546997,1,13.48516988411816,15.105675923119893,14.84070126714269,56.568452925619255
data/dataset_10/val\Donald_Rumsfeld\Donald_Rumsfeld_0070.jpg,Donald_Rumsfeld,Donald_Rumsfeld,0.3538486957550049,1,14.882380733579025,15.478617969328683,14.172868227701535,55.46613306939076
data/dataset_10/val\Donald_Rumsfeld\Donald_Rumsfeld_0072.jpg,Donald_Rumsfeld,Donald_Rumsfeld,0.14319194853305817,1,16.891267896910847,18.574861784111786,11.792436273886915,52.74143404509045
data/dataset_10/val\Donald_Rumsfeld\Donald_Rumsfeld_0076.jpg,Donald_Rumsfeld,Gerhard_Schroeder,0.15851834416389465,0,7.130510120934933,5.4192119024122904,21.17934245845484,66.27093551819794
data/dataset_10/val\Donald_Rumsfeld\Donald_Rumsfeld_0078.jpg,Donald_Rumsfeld,Tony_Blair,0.1135931983590126,0,14.474918507379686,14.97569533708025,9.884858244438908,60.66452791110115
data/dataset_10/val\Donald_Rumsfeld\Donald_Rumsfeld_0082.jpg,Donald_Rumsfeld,Donald_Rumsfeld,0.11291822046041489,1,19.901667835491512,15.157665710652633,7.914948919212702,57.02571753464315
data/dataset_10/val\Donald_Rumsfeld\Donald_Rumsfeld_0087.jpg,Donald_Rumsfeld,Donald_Rumsfeld,0.07788504660129547,1,14.141195111909507,15.816918597190684,13.657630004774436,56.38425628612537
data/dataset_10/val\Donald_Rumsfeld\Donald_Rumsfeld_0095.jpg,Donald_Rumsfeld,Donald_Rumsfeld,0.3792671263217926,1,14.539082675083833,15.644358374505703,13.823062458567659,55.993496491842805
data/dataset_10/val\Donald_Rumsfeld\Donald_Rumsfeld_0104.jpg,Donald_Rumsfeld,Donald_Rumsfeld,0.75606769323349,1,13.640297004082319,15.366882188930408,15.56137030474509,55.431450502242186
data/dataset_10/val\Donald_Rumsfeld\Donald_Rumsfeld_0108.jpg,Donald_Rumsfeld,Jacques_Rogge,0.08936422318220139,0,18.43475982033417,13.156041735135396,9.793542646402143,58.615655798128294
data/dataset_10/val\Donald_Rumsfeld\Donald_Rumsfeld_0113.jpg,Donald_Rumsfeld,Donald_Rumsfeld,0.13908933103084564,1,17.49410912358679,15.88979766191264,10.56547497766801,56.05061823683256
data/dataset_10/val\Donald_Rumsfeld\Donald_Rumsfeld_0118.jpg,Donald_Rumsfeld,Donald_Rumsfeld,0.4333203136920929,1,14.573412649017827,16.95238926470835,14.409898006652062,54.06430007962176
data/dataset_10/val\Donald_Rumsfeld\Donald_Rumsfeld_0119.jpg,Donald_Rumsfeld,Lance_Armstrong,0.09084314107894897,0,9.407271665863849,10.661991285201433,21.779435630656938,58.15130141827778
data/dataset_10/val\Edmund_Stoiber\Edmund_Stoiber_0001.jpg,Edmund_Stoiber,Edmund_Stoiber,0.14806155860424042,1,17.96896686673461,2.3100113097710175,9.05771280386582,70.66330901962856
data/dataset_10/val\Edmund_Stoiber\Edmund_Stoiber_0002.jpg,Edmund_Stoiber,Hugo_Chavez,0.07783859223127365,0,11.520617481054616,6.508285344840276,4.147955663733906,77.8231415103712
data/dataset_10/val\Edmund_Stoiber\Edmund_Stoiber_0011.jpg,Edmund_Stoiber,Rudolph_Giuliani,0.2527382969856262,0,13.745765835474549,13.95416520394598,11.665194487959695,60.63487447261978
data/dataset_10/val\Eduardo_Duhalde\Eduardo_Duhalde_0001.jpg,Eduardo_Duhalde,Kim_Ryong-sung,0.0825948417186737,0,24.275850752258957,12.807080932896582,6.415379693506769,56.50168862133769
data/dataset_10/val\Eduardo_Duhalde\Eduardo_Duhalde_0002.jpg,Eduardo_Duhalde,Hugo_Chavez,0.22672218084335327,0,11.007552909077784,14.253056392050931,19.38402808466245,55.355362614208836
data/dataset_10/val\Eduardo_Duhalde\Eduardo_Duhalde_0011.jpg,Eduardo_Duhalde,Hugo_Chavez,0.1969856172800064,0,5.483391904386111,7.866179653559273,27.39291800048138,59.25751044157324
data/dataset_10/val\Fidel_Castro\Fidel_Castro_0001.jpg,Fidel_Castro,Mohammad_Khatami,0.12030743062496185,0,14.448926645310918,15.837568198103835,15.07247550644661,54.64102965013864
data/dataset_10/val\Fidel_Castro\Fidel_Castro_0004.jpg,Fidel_Castro,Vladimir_Putin,0.22396431863307953,0,11.81181951359065,13.0109002975751,14.721708292006038,60.45557189682821
data/dataset_10/val\Fidel_Castro\Fidel_Castro_0009.jpg,Fidel_Castro,Mohammad_Khatami,0.40456634759902954,0,13.808920898335828,13.212731567057268,13.593552402716268,59.384795131890634
data/dataset_10/val\Fidel_Castro\Fidel_Castro_0018.jpg,Fidel_Castro,Tom_Hanks,0.11956038326025009,0,10.393029622454913,12.10259376374932,18.076368225159047,59.42800838863672
data/dataset_10/val\George_HW_Bush\George_HW_Bush_0001.jpg,George_HW_Bush,Michael_Schumacher,0.4346012771129608,0,13.946497177633994,12.956952958386882,15.541427324502333,57.55512253947679
data/dataset_10/val\George_HW_Bush\George_HW_Bush_0002.jpg,George_HW_Bush,Mohammad_Khatami,0.1922590434551239,0,15.872150912519565,14.37109880053016,12.144959329333023,57.61179095761725
