imagem,real,pred,confidence,correta,olhos,nariz,boca,fundo
data/dataset_5/val\Abdullah_Gul\Abdullah_Gul_0001.jpg,Abdullah_Gul,Abdullah_Gul,0.5685870051383972,1,9.248726299231976,7.687420034589032,18.873459431936595,64.19039423424239
data/dataset_5/val\Abdullah_Gul\Abdullah_Gul_0004.jpg,Abdullah_Gul,Abdullah_Gul,0.6962251663208008,1,4.5271320017138486,8.564799884104268,25.280087800287248,61.62798031389463
data/dataset_5/val\Abdullah_Gul\Abdullah_Gul_0008.jpg,Abdullah_Gul,Abdullah_Gul,0.21660779416561127,1,2.646982657297985,5.694180324755341,26.43726203638265,65.22157498156402
data/dataset_5/val\Abdullah_Gul\Abdullah_Gul_0009.jpg,Abdullah_Gul,Hamid_Karzai,0.11886268109083176,0,8.230559548558361,11.951046793141971,23.208378055335757,56.61001560296391
data/dataset_5/val\Adrien_Brody\Adrien_Brody_0001.jpg,Adrien_Brody,Adrien_Brody,0.727025032043457,1,20.92983265453422,19.488608298987167,15.161863917740567,44.41969512873805
data/dataset_5/val\Adrien_Brody\Adrien_Brody_0002.jpg,Adrien_Brody,Alvaro_Uribe,0.10012240707874298,0,24.64257835786831,21.230838850465304,8.764468421059627,45.36211437060676
data/dataset_5/val\Adrien_Brody\Adrien_Brody_0011.jpg,Adrien_Brody,Adrien_Brody,0.13468536734580994,1,19.97562001440502,18.09879598195853,14.888801833247149,47.0367821703893
data/dataset_5/val\Ahmed_Chalabi\Ahmed_Chalabi_0001.jpg,Ahmed_Chalabi,Rudolph_Giuliani,0.43809783458709717,0,13.457491406549277,15.734814886052927,21.332363776446446,49.47532993095135
data/dataset_5/val\Ai_Sugiyama\Ai_Sugiyama_0001.jpg,Ai_Sugiyama,Claudia_Pechstein,0.1152007207274437,0,22.249344340462265,15.835498144856814,9.057856262556797,52.857301252124124
data/dataset_5/val\Al_Gore\Al_Gore_0001.jpg,Al_Gore,Charles_Moose,0.3372459411621094,0,21.013004334046745,13.29472573331018,7.927573789716016,57.76469614292706
data/dataset_5/val\Al_Gore\Al_Gore_0002.jpg,Al_Gore,Al_Gore,0.21012477576732635,1,14.501899879773811,17.59816149556476,16.24942906290381,51.650509561757616
data/dataset_5/val\Al_Sharpton\Al_Sharpton_0001.jpg,Al_Sharpton,Charles_Taylor,0.6858178973197937,0,7.463052385067196,11.35312814988429,22.73878856062727,58.44503090442125
data/dataset_5/val\Al_Sharpton\Al_Sharpton_0006.jpg,Al_Sharpton,Roh_Moo-hyun,0.2838340699672699,0,21.824414983262372,25.573902014033795,14.271672878076485,38.33001012462734
data/dataset_5/val\Alan_Greenspan\Alan_Greenspan_0001.jpg,Alan_Greenspan,Hans_Blix,0.20338734984397888,0,17.6730584107602,12.718840976382603,14.41313476158812,55.19496585126908
data/dataset_5/val\Alastair_Campbell\Alastair_Campbell_0001.jpg,Alastair_Campbell,William_Macy,0.17275266349315643,0,22.41224859004444,13.067555803636985,12.218188954907488,52.302006651411084
data/dataset_5/val\Albert_Costa\Albert_Costa_0001.jpg,Albert_Costa,Juan_Pablo_Montoya,0.12655074894428253,0,16.35800583837799,16.56174460866124,16.451907137512425,50.628342415448344
data/dataset_5/val\Albert_Costa\Albert_Costa_0006.jpg,Albert_Costa,George_Clooney,0.07759533077478409,0,12.340741285188845,11.247124850102466,19.739465098343643,56.67266876636505
data/dataset_5/val\Alejandro_Toledo\Alejandro_Toledo_0002.jpg,Alejandro_Toledo,Roh_Moo-hyun,0.20021358132362366,0,10.884863616483997,13.822105458747616,18.079138903282818,57.21389202148558
data/dataset_5/val\Alejandro_Toledo\Alejandro_Toledo_0006.jpg,Alejandro_Toledo,Roh_Moo-hyun,0.07568033039569855,0,22.76543433456504,23.42227213492028,10.197176166032088,43.61511736448259
data/dataset_5/val\Alejandro_Toledo\Alejandro_Toledo_0007.jpg,Alejandro_Toledo,Alejandro_Toledo,0.8801814317703247,1,13.828324049886001,15.09024519863215,18.192712644547516,52.888718106934334
data/dataset_5/val\Alejandro_Toledo\Alejandro_Toledo_0008.jpg,Alejandro_Toledo,Arnold_Schwarzenegger,0.21252749860286713,0,17.58359878250642,12.168394617014172,13.965187481989723,56.282819118489684
data/dataset_5/val\Alejandro_Toledo\Alejandro_Toledo_0009.jpg,Alejandro_Toledo,Mahathir_Mohamad,0.08464889973402023,0,22.17517332802126,11.480212177936437,7.996935247667072,58.34767924637523
data/dataset_5/val\Alejandro_Toledo\Alejandro_Toledo_0015.jpg,Alejandro_Toledo,Alejandro_Toledo,0.4371206760406494,1,18.648242320723863,17.761801036610482,17.74661059575205,45.84334604691361
data/dataset_5/val\Alejandro_Toledo\Alejandro_Toledo_0016.jpg,Alejandro_Toledo,Alejandro_Toledo,0.5771871209144592,1,16.59826712344294,16.353859548957796,19.067114815730815,47.980758511868444
data/dataset_5/val\Alejandro_Toledo\Alejandro_Toledo_0018.jpg,Alejandro_Toledo,Mahathir_Mohamad,0.16316542029380798,0,22.493248002300707,12.856156321736353,11.471181921609045,53.179413754353895
data/dataset_5/val\Ali_Naimi\Ali_Naimi_0001.jpg,Ali_Naimi,George_W_Bush,0.5970478653907776,0,22.744868697985755,10.91477676592668,8.977862729037982,57.36249180704959
data/dataset_5/val\Ali_Naimi\Ali_Naimi_0002.jpg,Ali_Naimi,George_W_Bush,0.41416728496551514,0,17.52018797204944,16.066718003919096,16.859789982951362,49.553304041080104
data/dataset_5/val\Allyson_Felix\Allyson_Felix_0001.jpg,Allyson_Felix,Allyson_Felix,0.7736356258392334,1,8.312723358695933,7.34885021556862,20.97735219372706,63.361074232008384
data/dataset_5/val\Alvaro_Uribe\Alvaro_Uribe_0002.jpg,Alvaro_Uribe,Jiang_Zemin,0.22312681376934052,0,20.05427981598561,9.297487620388537,9.456716343140275,61.19151622048558
data/dataset_5/val\Alvaro_Uribe\Alvaro_Uribe_0005.jpg,Alvaro_Uribe,Alvaro_Uribe,0.9788177609443665,1,17.010460783611368,17.885579517819355,15.647330132638873,49.456629565930406
data/dataset_5/val\Alvaro_Uribe\Alvaro_Uribe_0008.jpg,Alvaro_Uribe,Mahathir_Mohamad,0.13730792701244354,0,19.045999163255807,16.96439948498507,14.936229082966614,49.05337226879251
data/dataset_5/val\Alvaro_Uribe\Alvaro_Uribe_0016.jpg,Alvaro_Uribe,Alvaro_Uribe,0.20522190630435944,1,15.46160690289418,17.335119024267186,15.574032053628947,51.629242019209684
data/dataset_5/val\Alvaro_Uribe\Alvaro_Uribe_0018.jpg,Alvaro_Uribe,Alvaro_Uribe,0.9875934720039368,1,20.28363803888487,18.879029655147928,12.455049348519298,48.3822829574479
data/dataset_5/val\Alvaro_Uribe\Alvaro_Uribe_0024.jpg,Alvaro_Uribe,Alvaro_Uribe,0.9923418760299683,1,13.933166450233168,11.279451967964137,14.714452853105767,60.07292872869693
data/dataset_5/val\Alvaro_Uribe\Alvaro_Uribe_0035.jpg,Alvaro_Uribe,Alvaro_Uribe,0.8640099763870239,1,14.398969887658245,13.857158047758526,14.833425317457516,56.91044674712571
data/dataset_5/val\Amelia_Vega\Amelia_Vega_0001.jpg,Amelia_Vega,Amelia_Vega,0.7273018956184387,1,24.501895098635917,12.598660514338661,9.058890942441236,53.84055344458419
data/dataset_5/val\Amelia_Vega\Amelia_Vega_0006.jpg,Amelia_Vega,Amelia_Vega,0.44184404611587524,1,21.152066661123914,16.87449131365532,11.802889248407523,50.170552776813246
data/dataset_5/val\Amelie_Mauresmo\Amelie_Mauresmo_0001.jpg,Amelie_Mauresmo,Amelie_Mauresmo,0.5699784159660339,1,16.524141127755406,17.877465684576677,18.803453514960484,46.794939672707436
data/dataset_5/val\Amelie_Mauresmo\Amelie_Mauresmo_0004.jpg,Amelie_Mauresmo,Amelie_Mauresmo,0.4639381170272827,1,15.925374070627504,15.94554412940226,17.61372405828642,50.515357741683815
data/dataset_5/val\Amelie_Mauresmo\Amelie_Mauresmo_0008.jpg,Amelie_Mauresmo,Jelena_Dokic,0.6324806809425354,0,14.413356807339715,14.174584765516348,17.376035305273557,54.03602312187038
data/dataset_5/val\Amelie_Mauresmo\Amelie_Mauresmo_0009.jpg,Amelie_Mauresmo,Amelie_Mauresmo,0.9924026727676392,1,17.455666735177356,15.321295679673968,13.621562993493088,53.60147459165559
data/dataset_5/val\Amelie_Mauresmo\Amelie_Mauresmo_0021.jpg,Amelie_Mauresmo,George_W_Bush,0.12822598218917847,0,8.053066811039754,10.240719006611606,21.45038365635607,60.25583052599257
data/dataset_5/val\Ana_Guevara\Ana_Guevara_0001.jpg,Ana_Guevara,Jennifer_Capriati,0.21202898025512695,0,19.392890059214945,10.800123401433698,11.651276603159001,58.15570993619235
data/dataset_5/val\Ana_Guevara\Ana_Guevara_0006.jpg,Ana_Guevara,Ana_Guevara,0.26004645228385925,1,16.51707178428296,18.588551615086917,16.25031430174536,48.644062298884755
data/dataset_5/val\Ana_Palacio\Ana_Palacio_0001.jpg,Ana_Palacio,Alvaro_Uribe,0.2974953055381775,0,14.774923595351446,18.357969601334304,17.09551673990021,49.77159006341404
data/dataset_5/val\Ana_Palacio\Ana_Palacio_0002.jpg,Ana_Palacio,Ana_Palacio,0.5786858797073364,1,21.704111905007988,14.302909498023688,10.290432574276007,53.70254602269232
data/dataset_5/val\Andre_Agassi\Andre_Agassi_0002.jpg,Andre_Agassi,Andre_Agassi,0.6738814115524292,1,17.494224652029796,10.280060379423924,15.207871585252933,57.01784338329335
data/dataset_5/val\Andre_Agassi\Andre_Agassi_0004.jpg,Andre_Agassi,John_Travolta,0.1701904535293579,0,20.057304481052704,11.466305416790002,12.290293207989754,56.18609689416754
data/dataset_5/val\Andre_Agassi\Andre_Agassi_0005.jpg,Andre_Agassi,Colin_Powell,0.10049780458211899,0,0.5407851667713166,6.1249510550437085,38.77673661104367,54.55752716714131
data/dataset_5/val\Andre_Agassi\Andre_Agassi_0008.jpg,Andre_Agassi,Andre_Agassi,0.9007083773612976,1,15.414019716582391,14.11010505042216,14.194581737444723,56.28129349555073
data/dataset_5/val\Andre_Agassi\Andre_Agassi_0015.jpg,Andre_Agassi,Andre_Agassi,0.9645703434944153,1,20.311292478953938,16.65219946240421,8.746233024723542,54.29027503391831
data/dataset_5/val\Andre_Agassi\Andre_Agassi_0016.jpg,Andre_Agassi,Andre_Agassi,0.9639902114868164,1,21.733819587482085,16.90345534777149,9.97121144173169,51.39151362301473
data/dataset_5/val\Andre_Agassi\Andre_Agassi_0018.jpg,Andre_Agassi,Andre_Agassi,0.8294100761413574,1,16.310725443191025,14.567979844255998,13.023366265723867,56.09792844682911
data/dataset_5/val\Andre_Agassi\Andre_Agassi_0024.jpg,Andre_Agassi,John_Howard,0.3958139717578888,0,16.001860432445678,15.293659451811548,14.51150594252002,54.19297417322276
data/dataset_5/val\Andy_Roddick\Andy_Roddick_0001.jpg,Andy_Roddick,Juan_Pablo_Montoya,0.11084561049938202,0,18.80278252231177,3.101377173419452,9.726405647927995,68.36943465634079
data/dataset_5/val\Andy_Roddick\Andy_Roddick_0002.jpg,Andy_Roddick,Andy_Roddick,0.22758078575134277,1,12.783938611609429,11.625683620161286,15.535003095948662,60.05537467228062
data/dataset_5/val\Andy_Roddick\Andy_Roddick_0011.jpg,Andy_Roddick,Andy_Roddick,0.36294054985046387,1,14.029407272692326,13.84884221517559,16.56883011856619,55.5529203935659
data/dataset_5/val\Angela_Bassett\Angela_Bassett_0001.jpg,Angela_Bassett,Angela_Bassett,0.7915587425231934,1,4.6725570462211,5.772827612502375,23.100536387825006,66.45407895345151
data/dataset_5/val\Angela_Bassett\Angela_Bassett_0006.jpg,Angela_Bassett,Angela_Bassett,0.5411846041679382,1,5.751726231110241,8.672996090535328,22.34670945401917,63.22856822433526
data/dataset_5/val\Angela_Merkel\Angela_Merkel_0001.jpg,Angela_Merkel,Angela_Merkel,0.912121593952179,1,20.805340487060793,14.525452796888528,8.920712118763877,55.7484945972868
data/dataset_5/val\Angelina_Jolie\Angelina_Jolie_0001.jpg,Angelina_Jolie,Angelina_Jolie,0.841586709022522,1,23.58732522781244,15.294982925482289,12.936965729988668,48.180726116716606
data/dataset_5/val\Angelina_Jolie\Angelina_Jolie_0004.jpg,Angelina_Jolie,Angelina_Jolie,0.21079938113689423,1,18.368151794418335,13.521520616143615,14.344021716650865,53.766305872787186
data/dataset_5/val\Angelina_Jolie\Angelina_Jolie_0008.jpg,Angelina_Jolie,Julianne_Moore,0.30890458822250366,0,21.79896042352457,12.472876327395852,7.390601557073677,58.3375616920059
data/dataset_5/val\Angelina_Jolie\Angelina_Jolie_0009.jpg,Angelina_Jolie,Madonna,0.5443004369735718,0,19.778163623543374,15.835725303407425,9.829646076382296,54.556464996666904
data/dataset_5/val\Ann_Veneman\Ann_Veneman_0001.jpg,Ann_Veneman,Ann_Veneman,0.6381860375404358,1,20.89824010373644,16.52586663918038,11.900898337569497,50.674994919513686
data/dataset_5/val\Ann_Veneman\Ann_Veneman_0002.jpg,Ann_Veneman,Liza_Minnelli,0.4231966435909271,0,19.326876470220544,15.436710141417487,11.298834381173744,53.937579007188226
data/dataset_5/val\Ann_Veneman\Ann_Veneman_0011.jpg,Ann_Veneman,Ann_Veneman,0.46616068482398987,1,18.69535830089415,11.860734995510288,13.446130390892211,55.99777631270335
data/dataset_5/val\Anna_Kournikova\Anna_Kournikova_0001.jpg,Anna_Kournikova,Jelena_Dokic,0.3125382363796234,0,13.74956700297675,11.754776824878764,18.411424264761198,56.08423190738329
data/dataset_5/val\Anna_Kournikova\Anna_Kournikova_0002.jpg,Anna_Kournikova,Jelena_Dokic,0.7389616370201111,0,13.955108839575036,14.062983523484798,17.391389913601582,54.590517723338586
data/dataset_5/val\Anna_Kournikova\Anna_Kournikova_0011.jpg,Anna_Kournikova,Anna_Kournikova,0.29780688881874084,1,19.98368287612081,16.297695777773697,11.917556362665096,51.8010649834404
data/dataset_5/val\Antonio_Banderas\Antonio_Banderas_0001.jpg,Antonio_Banderas,Hamid_Karzai,0.15901140868663788,0,5.0710998255765665,9.351099496716305,25.42200207434746,60.15579860335967
data/dataset_5/val\Antonio_Palocci\Antonio_Palocci_0001.jpg,Antonio_Palocci,Antonio_Palocci,0.6743329167366028,1,7.4406190564140395,11.288715340423604,22.53274307611239,58.73792252704997
data/dataset_5/val\Antonio_Palocci\Antonio_Palocci_0002.jpg,Antonio_Palocci,Antonio_Palocci,0.4291195869445801,1,7.106714260514306,9.386484390438957,22.05102316574392,61.45577818330282
data/dataset_5/val\Ari_Fleischer\Ari_Fleischer_0001.jpg,Ari_Fleischer,Richard_Armitage,0.4077468514442444,0,19.22926157960142,15.170425224520601,12.36948111734929,53.23083207852869
data/dataset_5/val\Ari_Fleischer\Ari_Fleischer_0002.jpg,Ari_Fleischer,Ari_Fleischer,0.919956624507904,1,21.871704644064284,4.609821840656559,5.010390111141196,68.50808340413796
data/dataset_5/val\Ari_Fleischer\Ari_Fleischer_0011.jpg,Ari_Fleischer,Ari_Fleischer,0.9367648959159851,1,19.98657679134321,13.254416404295421,10.334960302876427,56.42404650148494
data/dataset_5/val\Ariel_Sharon\Ariel_Sharon_0004.jpg,Ariel_Sharon,Kofi_Annan,0.48912617564201355,0,11.639889608504971,14.070192293877064,18.442076285919978,55.84784181169799
data/dataset_5/val\Ariel_Sharon\Ariel_Sharon_0005.jpg,Ariel_Sharon,Ariel_Sharon,0.9767281413078308,1,16.61908071575462,18.304005325398727,15.292674024034321,49.78423993481233
data/dataset_5/val\Ariel_Sharon\Ariel_Sharon_0012.jpg,Ariel_Sharon,Ariel_Sharon,0.9969474673271179,1,11.417467162229803,12.166757689733917,15.924321756340298,60.491453391695984
data/dataset_5/val\Ariel_Sharon\Ariel_Sharon_0014.jpg,Ariel_Sharon,Ariel_Sharon,0.7243292927742004,1,16.778219133110174,15.706612405024318,14.372686795558625,53.142481666306885
data/dataset_5/val\Ariel_Sharon\Ariel_Sharon_0015.jpg,Ariel_Sharon,Ariel_Sharon,0.9711889624595642,1,15.797351154964767,17.33057173939662,14.762377602489291,52.10969950314932
data/dataset_5/val\Ariel_Sharon\Ariel_Sharon_0018.jpg,Ariel_Sharon,John_Paul_II,0.1600656509399414,0,17.944463050277932,18.019951877585576,18.519291899780495,45.516293172356
data/dataset_5/val\Ariel_Sharon\Ariel_Sharon_0028.jpg,Ariel_Sharon,Ariel_Sharon,0.6975443363189697,1,17.874357560302027,19.551810480995066,14.021333914735362,48.552498043967546
data/dataset_5/val\Ariel_Sharon\Ariel_Sharon_0029.jpg,Ariel_Sharon,Ariel_Sharon,0.6560512185096741,1,17.959185263476463,15.67447824721699,15.275947379870242,51.0903891094363
data/dataset_5/val\Ariel_Sharon\Ariel_Sharon_0032.jpg,Ariel_Sharon,Ariel_Sharon,0.9877486824989319,1,14.723847861968245,15.93876193324616,17.892075475176046,51.44531472960955
data/dataset_5/val\Ariel_Sharon\Ariel_Sharon_0033.jpg,Ariel_Sharon,Ariel_Sharon,0.9081874489784241,1,17.194669032610296,16.32845691255711,13.317007692431757,53.159866362400834
data/dataset_5/val\Ariel_Sharon\Ariel_Sharon_0036.jpg,Ariel_Sharon,Ariel_Sharon,0.7170265913009644,1,15.575195676426159,17.99005000130468,17.522733632105247,48.912020690163914
data/dataset_5/val\Ariel_Sharon\Ariel_Sharon_0055.jpg,Ariel_Sharon,Ariel_Sharon,0.43345993757247925,1,15.082384686826574,14.102998088413196,18.108954985332453,52.705662239427774
data/dataset_5/val\Ariel_Sharon\Ariel_Sharon_0069.jpg,Ariel_Sharon,Ariel_Sharon,0.9866251945495605,1,13.68272598438116,16.178456013031116,16.87748327514426,53.26133472744346
data/dataset_5/val\Ariel_Sharon\Ariel_Sharon_0070.jpg,Ariel_Sharon,Ariel_Sharon,0.8458335995674133,1,15.008587700365227,17.408549376028787,15.3564632343471,52.22639968925888
data/dataset_5/val\Ariel_Sharon\Ariel_Sharon_0076.jpg,Ariel_Sharon,Ariel_Sharon,0.7669798135757446,1,12.606016341054687,15.228794255077638,16.309172771461142,55.85601663240653
data/dataset_5/val\Ariel_Sharon\Ariel_Sharon_0077.jpg,Ariel_Sharon,Ariel_Sharon,0.9022613763809204,1,17.895873456860233,18.730834881191505,16.90728849318994,46.46600316875832
data/dataset_5/val\Arminio_Fraga\Arminio_Fraga_0001.jpg,Arminio_Fraga,Fidel_Castro,0.08724510669708252,0,13.798750626304187,12.609107722938022,17.13981446394489,56.4523271868129
data/dataset_5/val\Arminio_Fraga\Arminio_Fraga_0006.jpg,Arminio_Fraga,Hamid_Karzai,0.11262225359678268,0,13.6869311520564,15.840617678709176,20.54647305591258,49.92597811332185
data/dataset_5/val\Arnold_Schwarzenegger\Arnold_Schwarzenegger_0002.jpg,Arnold_Schwarzenegger,Arnold_Schwarzenegger,0.6551384329795837,1,17.430448909335365,18.669357521207196,10.830081957286275,53.07011161217117
data/dataset_5/val\Arnold_Schwarzenegger\Arnold_Schwarzenegger_0006.jpg,Arnold_Schwarzenegger,Juan_Pablo_Montoya,0.3289249837398529,0,14.362211837583386,11.476806046957424,18.834299173924833,55.32668294153436
data/dataset_5/val\Arnold_Schwarzenegger\Arnold_Schwarzenegger_0007.jpg,Arnold_Schwarzenegger,Arnold_Schwarzenegger,0.8616302609443665,1,11.308177979113538,13.369855697749436,17.174211719180736,58.147754603956294
data/dataset_5/val\Arnold_Schwarzenegger\Arnold_Schwarzenegger_0008.jpg,Arnold_Schwarzenegger,Claudia_Pechstein,0.18813428282737732,0,25.23702115083467,14.706276320298649,6.494524916404033,53.56217761246265
data/dataset_5/val\Arnold_Schwarzenegger\Arnold_Schwarzenegger_0009.jpg,Arnold_Schwarzenegger,Arnold_Schwarzenegger,0.43304261565208435,1,17.913158236572507,19.008807381339555,12.77834681695785,50.29968756513009
data/dataset_5/val\Arnold_Schwarzenegger\Arnold_Schwarzenegger_0015.jpg,Arnold_Schwarzenegger,Jeong_Se-hyun,0.1379670351743698,0,21.673622555555127,18.90841684271187,9.824324348413612,49.593636253319396
data/dataset_5/val\Arnold_Schwarzenegger\Arnold_Schwarzenegger_0016.jpg,Arnold_Schwarzenegger,Arnold_Schwarzenegger,0.7933349609375,1,16.833788201276416,15.803537123687088,14.721043183960875,52.64163149107562
data/dataset_5/val\Arnold_Schwarzenegger\Arnold_Schwarzenegger_0018.jpg,Arnold_Schwarzenegger,Arnold_Schwarzenegger,0.1514359712600708,1,16.979753741814232,19.331746379552694,12.727368409411309,50.96113146922177
data/dataset_5/val\Arnold_Schwarzenegger\Arnold_Schwarzenegger_0041.jpg,Arnold_Schwarzenegger,Arnold_Schwarzenegger,0.859006404876709,1,14.535693921806788,16.973310839755097,14.728445970219434,53.762549268218685
data/dataset_5/val\Arnoldo_Aleman\Arnoldo_Aleman_0001.jpg,Arnoldo_Aleman,Arnoldo_Aleman,0.9499873518943787,1,23.879910186377593,19.671051058654776,8.40027387881992,48.048764876147715
data/dataset_5/val\Atal_Bihari_Vajpayee\Atal_Bihari_Vajpayee_0001.jpg,Atal_Bihari_Vajpayee,Martin_Scorsese,0.13306325674057007,0,13.630457682769121,17.95426562843978,18.085303315260102,50.329973373531
data/dataset_5/val\Atal_Bihari_Vajpayee\Atal_Bihari_Vajpayee_0004.jpg,Atal_Bihari_Vajpayee,Yasser_Arafat,0.2456006407737732,0,20.993559383865566,5.938275105742959,11.068342301802078,61.99982320858939
data/dataset_5/val\Atal_Bihari_Vajpayee\Atal_Bihari_Vajpayee_0008.jpg,Atal_Bihari_Vajpayee,Atal_Bihari_Vajpayee,0.27322253584861755,1,12.820798564558427,4.21515132404685,13.814827073750463,69.14922303764426
data/dataset_5/val\Atal_Bihari_Vajpayee\Atal_Bihari_Vajpayee_0009.jpg,Atal_Bihari_Vajpayee,Atal_Bihari_Vajpayee,0.9927454590797424,1,20.056453458134218,13.061691558250358,9.850995664671597,57.030859318943826
data/dataset_5/val\Atal_Bihari_Vajpayee\Atal_Bihari_Vajpayee_0021.jpg,Atal_Bihari_Vajpayee,Claudia_Pechstein,0.1264631748199463,0,21.758908624264986,7.201345818203707,4.217421633874989,66.82232392365631
data/dataset_5/val\Ben_Affleck\Ben_Affleck_0001.jpg,Ben_Affleck,Pierce_Brosnan,0.5828911662101746,0,15.524585153558059,16.569390244391155,15.48412648346,52.42189811859079
data/dataset_5/val\Ben_Affleck\Ben_Affleck_0006.jpg,Ben_Affleck,Ben_Affleck,0.26038068532943726,1,10.918317446058603,12.512604976329548,17.232147871388364,59.33692970622348
data/dataset_5/val\Benazir_Bhutto\Benazir_Bhutto_0001.jpg,Benazir_Bhutto,Benazir_Bhutto,0.1342170536518097,1,24.499186257421574,8.766394146425233,6.620441075460719,60.11397852069248
data/dataset_5/val\Benjamin_Netanyahu\Benjamin_Netanyahu_0001.jpg,Benjamin_Netanyahu,John_Howard,0.5981857776641846,0,17.778689728892115,18.641502847212465,12.831245490194446,50.74856193370098
data/dataset_5/val\Bernard_Law\Bernard_Law_0001.jpg,Bernard_Law,Carla_Del_Ponte,0.6924083828926086,0,9.155708284676672,11.1929619854973,17.51391947775114,62.137410252074886
data/dataset_5/val\Bertie_Ahern\Bertie_Ahern_0001.jpg,Bertie_Ahern,Donald_Rumsfeld,0.38948455452919006,0,23.49920075107787,11.731219593585651,5.590472702325472,59.17910695301101
data/dataset_5/val\Bill_Clinton\Bill_Clinton_0001.jpg,Bill_Clinton,Bill_Clinton,0.2931055724620819,1,16.895656585506533,16.28240396174164,18.876517687650054,47.94542176510177
data/dataset_5/val\Bill_Clinton\Bill_Clinton_0004.jpg,Bill_Clinton,Bill_Clinton,0.9922640323638916,1,17.44057122067,16.138855384739195,15.50239888933151,50.918174505259294
data/dataset_5/val\Bill_Clinton\Bill_Clinton_0008.jpg,Bill_Clinton,Bill_Clinton,0.8841626644134521,1,19.699161255863,18.387608664770376,17.4984217085101,44.41480837085652
data/dataset_5/val\Bill_Clinton\Bill_Clinton_0009.jpg,Bill_Clinton,Bill_Clinton,0.3315376937389374,1,13.684981261043907,13.422227050982139,17.629212602462633,55.26357908551132
data/dataset_5/val\Bill_Clinton\Bill_Clinton_0021.jpg,Bill_Clinton,Bill_Clinton,0.7150870561599731,1,19.65839029672658,18.538676379120915,16.1785456785852,45.62438764556731
data/dataset_5/val\Bill_Clinton\Bill_Clinton_0024.jpg,Bill_Clinton,Bill_Clinton,0.25455477833747864,1,22.010114411302943,17.903826382899982,15.194659085041705,44.891400120755364
data/dataset_5/val\Bill_Frist\Bill_Frist_0001.jpg,Bill_Frist,Tom_Daschle,0.12591661512851715,0,20.184892867009932,23.547043658823508,11.829475959701032,44.438587514465524
data/dataset_5/val\Bill_Frist\Bill_Frist_0002.jpg,Bill_Frist,Richard_Gere,0.12346358597278595,0,14.813347322978977,3.5791831708529585,14.203726982463946,67.40374252370412
data/dataset_5/val\Bill_Gates\Bill_Gates_0001.jpg,Bill_Gates,Claudia_Pechstein,0.10234493017196655,0,20.657889312255307,14.084886646710164,10.762047483525574,54.495176557508955
data/dataset_5/val\Bill_Gates\Bill_Gates_0004.jpg,Bill_Gates,Anna_Kournikova,0.0730983093380928,0,24.276041124117285,13.60298356962654,5.639448586220224,56.48152672003595
data/dataset_5/val\Bill_Gates\Bill_Gates_0005.jpg,Bill_Gates,Hans_Blix,0.45678454637527466,0,10.80617262072847,10.053271402361059,19.123081219044124,60.017474757866346
data/dataset_5/val\Bill_Gates\Bill_Gates_0012.jpg,Bill_Gates,Bill_Gates,0.7153130769729614,1,13.728598727545226,17.71838549584513,18.60653766678471,49.94647810982494
data/dataset_5/val\Bill_Graham\Bill_Graham_0001.jpg,Bill_Graham,George_HW_Bush,0.2754426598548889,0,14.783457690422848,8.838238907807757,15.314759405310728,61.06354399645867
data/dataset_5/val\Bill_Graham\Bill_Graham_0002.jpg,Bill_Graham,Robert_Blake,0.09479377418756485,0,16.618649520836282,14.676297934151188,15.575927948035948,53.12912459697658
data/dataset_5/val\Bill_McBride\Bill_McBride_0001.jpg,Bill_McBride,Lance_Armstrong,0.19818127155303955,0,14.937239258824377,16.093564728407785,14.342692415679458,54.62650359708838
data/dataset_5/val\Bill_McBride\Bill_McBride_0002.jpg,Bill_McBride,Sophia_Loren,0.08336381614208221,0,20.611774798147835,12.410384856315288,11.435906705694414,55.54193363984246
data/dataset_5/val\Bill_Simon\Bill_Simon_0001.jpg,Bill_Simon,Bill_Simon,0.9717828035354614,1,11.167318439418505,13.024082890253382,18.20506990681111,57.603528763517
data/dataset_5/val\Bill_Simon\Bill_Simon_0002.jpg,Bill_Simon,Bill_Simon,0.5920377373695374,1,12.400458836507125,13.583986869201285,17.32793725920865,56.687617035082944
data/dataset_5/val\Bill_Simon\Bill_Simon_0011.jpg,Bill_Simon,Bill_Simon,0.58291095495224,1,17.992922635403723,10.895820864813755,6.479009325420215,64.6322471743623
data/dataset_5/val\Billy_Crystal\Billy_Crystal_0001.jpg,Billy_Crystal,Kevin_Costner,0.49506136775016785,0,19.36778194721246,9.98498908093388,15.54058722679077,55.106641745062895
data/dataset_5/val\Billy_Crystal\Billy_Crystal_0006.jpg,Billy_Crystal,Billy_Crystal,0.1976390928030014,1,19.188028302585824,9.528753255194976,10.350241056170296,60.932977386048904
data/dataset_5/val\Binyamin_Ben-Eliezer\Binyamin_Ben-Eliezer_0001.jpg,Binyamin_Ben-Eliezer,John_Bolton,0.052409347146749496,0,18.57710278687045,17.48581513261085,7.94730259570103,55.98977948481767
data/dataset_5/val\Binyamin_Ben-Eliezer\Binyamin_Ben-Eliezer_0006.jpg,Binyamin_Ben-Eliezer,John_Snow,0.14027555286884308,0,19.978306026762144,19.13765474717714,11.242031051572978,49.64200817448774
data/dataset_5/val\Bob_Graham\Bob_Graham_0001.jpg,Bob_Graham,George_W_Bush,0.31868475675582886,0,19.822440063990857,13.928430458436372,10.787246644625425,55.461882832947346
data/dataset_5/val\Bob_Graham\Bob_Graham_0006.jpg,Bob_Graham,George_W_Bush,0.6224278211593628,0,11.638185797270099,11.553361445855089,19.982864723596254,56.82558803327856
data/dataset_5/val\Bob_Hope\Bob_Hope_0001.jpg,Bob_Hope,George_W_Bush,0.45549890398979187,0,15.449861978937642,12.148851848249357,16.669774054648187,55.731512118164815
data/dataset_5/val\Bob_Hope\Bob_Hope_0002.jpg,Bob_Hope,Hans_Blix,0.13714437186717987,0,19.14568720949688,13.092626966316457,5.831303757320974,61.93038206686569
data/dataset_5/val\Bob_Stoops\Bob_Stoops_0001.jpg,Bob_Stoops,William_Macy,0.5736934542655945,0,19.26930132448598,13.351685266317885,10.610587627912546,56.76842578128359
data/dataset_5/val\Bob_Stoops\Bob_Stoops_0006.jpg,Bob_Stoops,Bob_Stoops,0.28946593403816223,1,13.217728322979799,11.3319843432349,14.317478976842642,61.13280835694266
data/dataset_5/val\Boris_Becker\Boris_Becker_0001.jpg,Boris_Becker,Gray_Davis,0.20102262496948242,0,15.438733678744507,15.427979016114353,15.634502859948666,53.49878444519248
data/dataset_5/val\Boris_Becker\Boris_Becker_0006.jpg,Boris_Becker,Boris_Becker,0.4848317801952362,1,18.260330877107442,13.443402358317178,12.937600259344347,55.358666505231035
data/dataset_5/val\Britney_Spears\Britney_Spears_0001.jpg,Britney_Spears,Britney_Spears,0.5361673831939697,1,22.600225660473626,14.670963095960547,8.161357232190694,54.56745401137513
data/dataset_5/val\Britney_Spears\Britney_Spears_0002.jpg,Britney_Spears,Jennifer_Aniston,0.23829108476638794,0,23.77771678048509,23.221417655193477,15.380890119462288,37.61997544485914
data/dataset_5/val\Britney_Spears\Britney_Spears_0011.jpg,Britney_Spears,Britney_Spears,0.8070082068443298,1,21.65421258860539,13.473987832061932,7.211537152283392,57.66026242704928
data/dataset_5/val\Bulent_Ecevit\Bulent_Ecevit_0001.jpg,Bulent_Ecevit,Saddam_Hussein,0.3121607303619385,0,2.0904286417868523,5.169461731744753,24.262971217591986,68.47713840887641
data/dataset_5/val\Bulent_Ecevit\Bulent_Ecevit_0006.jpg,Bulent_Ecevit,Roh_Moo-hyun,0.585999071598053,0,18.303493738069996,15.18836292015919,18.41337969197374,48.09476364979707
data/dataset_5/val\Calista_Flockhart\Calista_Flockhart_0001.jpg,Calista_Flockhart,Julianne_Moore,0.2855086028575897,0,24.458211202851313,13.310772516338035,7.527722380471647,54.703293900339006
data/dataset_5/val\Calista_Flockhart\Calista_Flockhart_0006.jpg,Calista_Flockhart,Julianne_Moore,0.8470423817634583,0,21.832192369320765,16.654172973253417,11.056828726892645,50.45680593053317
data/dataset_5/val\Cameron_Diaz\Cameron_Diaz_0001.jpg,Cameron_Diaz,Sarah_Jessica_Parker,0.1356005221605301,0,19.578288118358685,12.494692369743067,10.437320431083009,57.48969908081524
data/dataset_5/val\Cameron_Diaz\Cameron_Diaz_0006.jpg,Cameron_Diaz,Julianne_Moore,0.6606990694999695,0,20.498170872560618,16.432734307785974,11.316157984260974,51.75293683539243
data/dataset_5/val\Carla_Del_Ponte\Carla_Del_Ponte_0001.jpg,Carla_Del_Ponte,Carla_Del_Ponte,0.870140552520752,1,14.334365894842396,15.900857202120982,15.996345968527391,53.76843093450923
data/dataset_5/val\Carlos_Menem\Carlos_Menem_0001.jpg,Carlos_Menem,Carlos_Menem,0.7328280806541443,1,13.624129074568526,12.748774885036676,20.206977611362888,53.420118429031916
data/dataset_5/val\Carlos_Menem\Carlos_Menem_0004.jpg,Carlos_Menem,Carlos_Menem,0.981543242931366,1,12.16348944467603,11.448619095433987,17.922536375285272,58.46535508460472
data/dataset_5/val\Carlos_Menem\Carlos_Menem_0008.jpg,Carlos_Menem,Carlos_Menem,0.7450417280197144,1,14.387629087278821,11.7566826955192,15.805225891271583,58.0504623259304
data/dataset_5/val\Carlos_Menem\Carlos_Menem_0009.jpg,Carlos_Menem,Bob_Hope,0.3729783892631531,0,20.762606132819634,14.196897122626195,13.790946027988376,51.24955071656579
data/dataset_5/val\Carlos_Menem\Carlos_Menem_0021.jpg,Carlos_Menem,Carlos_Menem,0.9386588335037231,1,10.726837982542248,12.577665226249694,20.432996434580176,56.26250035662788
data/dataset_5/val\Carlos_Moya\Carlos_Moya_0001.jpg,Carlos_Moya,Carlos_Moya,0.3187890946865082,1,11.061184530518947,8.530876844199703,17.207691031744904,63.200247593536446
data/dataset_5/val\Carlos_Moya\Carlos_Moya_0004.jpg,Carlos_Moya,Carlos_Moya,0.44825202226638794,1,14.359002116223145,12.480921830004158,19.479764468853723,53.680311584918975
data/dataset_5/val\Carlos_Moya\Carlos_Moya_0008.jpg,Carlos_Moya,Carlos_Moya,0.589077889919281,1,20.543907595654492,10.487032008025567,10.659790904584327,58.30926949173561
data/dataset_5/val\Carlos_Moya\Carlos_Moya_0009.jpg,Carlos_Moya,Andre_Agassi,0.40892237424850464,0,19.392249396690282,12.179552309728358,8.39378302486497,60.03441526871639
data/dataset_5/val\Carmen_Electra\Carmen_Electra_0001.jpg,Carmen_Electra,Celine_Dion,0.8385477066040039,0,21.271918922990157,12.557130088273333,8.183666132623804,57.98728485611271
data/dataset_5/val\Carmen_Electra\Carmen_Electra_0006.jpg,Carmen_Electra,Jennifer_Aniston,0.7079091668128967,0,17.630516468890093,14.889541193585618,15.590924983932057,51.88901735359223
data/dataset_5/val\Carrie-Anne_Moss\Carrie-Anne_Moss_0001.jpg,Carrie-Anne_Moss,Salma_Hayek,0.5401150584220886,0,21.13350370608922,15.106278444589421,9.263547567400439,54.49667028192092
data/dataset_5/val\Catherine_Deneuve\Catherine_Deneuve_0001.jpg,Catherine_Deneuve,Naomi_Watts,0.23225386440753937,0,23.105521089029168,13.445486293862551,10.151064222627836,53.297928394480444
data/dataset_5/val\Catherine_Zeta-Jones\Catherine_Zeta-Jones_0001.jpg,Catherine_Zeta-Jones,Catherine_Zeta-Jones,0.9797813892364502,1,24.076025906305084,9.388508099422095,5.51166168198295,61.02380431228987
data/dataset_5/val\Catherine_Zeta-Jones\Catherine_Zeta-Jones_0002.jpg,Catherine_Zeta-Jones,Catherine_Zeta-Jones,0.9874209761619568,1,22.980880960129152,12.261165988440608,7.0084555939842605,57.74949745744598
data/dataset_5/val\Catherine_Zeta-Jones\Catherine_Zeta-Jones_0011.jpg,Catherine_Zeta-Jones,Michael_Jackson,0.33557096123695374,0,20.97532863708657,11.88827967054107,10.63278961002875,56.50360208234361
data/dataset_5/val\Celine_Dion\Celine_Dion_0001.jpg,Celine_Dion,Julianne_Moore,0.3648126423358917,0,22.508691993089958,13.578544206836854,9.007358212853932,54.905405587219256
data/dataset_5/val\Celine_Dion\Celine_Dion_0002.jpg,Celine_Dion,Julianne_Moore,0.4116978049278259,0,23.319751914196555,17.278155629149303,11.733454429113724,47.66863802754042
data/dataset_5/val\Cesar_Gaviria\Cesar_Gaviria_0001.jpg,Cesar_Gaviria,Cesar_Gaviria,0.24509689211845398,1,12.096659345672666,12.478035651008918,15.594988854555629,59.83031614876278
data/dataset_5/val\Cesar_Gaviria\Cesar_Gaviria_0002.jpg,Cesar_Gaviria,Cesar_Gaviria,0.17581410706043243,1,9.158136390843653,12.475615592734684,20.110472613587827,58.255775402833834
data/dataset_5/val\Chanda_Rubin\Chanda_Rubin_0001.jpg,Chanda_Rubin,Allyson_Felix,0.5342263579368591,0,11.786262491201432,10.038005372350895,19.483699409668212,58.69203272677946
data/dataset_5/val\Charles_Moose\Charles_Moose_0001.jpg,Charles_Moose,Charles_Moose,0.7154054045677185,1,8.081924475627993,12.427864918337084,24.712939182511235,54.77727142352369
data/dataset_5/val\Charles_Moose\Charles_Moose_0002.jpg,Charles_Moose,Charles_Moose,0.7140622735023499,1,10.98884766774462,13.631058675810467,20.387221767137813,54.992871889307104
data/dataset_5/val\Charles_Moose\Charles_Moose_0011.jpg,Charles_Moose,Charles_Moose,0.8224553465843201,1,10.712216435265557,12.751222552855024,18.7859059935915,57.75065501828792
data/dataset_5/val\Charles_Taylor\Charles_Taylor_0001.jpg,Charles_Taylor,Ariel_Sharon,0.07485330104827881,0,10.64031907753527,9.971274694343794,21.57919005913487,57.80921616898607
data/dataset_5/val\Charles_Taylor\Charles_Taylor_0002.jpg,Charles_Taylor,Charles_Taylor,0.2535218298435211,1,6.540444328945646,10.171166152036564,22.061182083563867,61.22720743545392
data/dataset_5/val\Charlton_Heston\Charlton_Heston_0006.jpg,Charlton_Heston,Gray_Davis,0.22225333750247955,0,10.527859181407326,14.685992856286628,21.310043043966765,53.47610491833928
data/dataset_5/val\Chen_Shui-bian\Chen_Shui-bian_0001.jpg,Chen_Shui-bian,Roh_Moo-hyun,0.6501028537750244,0,8.42693490283726,11.44762112165427,22.08482011025075,58.04062386525772
data/dataset_5/val\Choi_Sung-hong\Choi_Sung-hong_0001.jpg,Choi_Sung-hong,Colin_Powell,0.5086671113967896,0,16.902089057944213,16.47223696838917,7.66153190014801,58.96414207351861
data/dataset_5/val\Christine_Baumgartner\Christine_Baumgartner_0001.jpg,Christine_Baumgartner,Christine_Baumgartner,0.6948152184486389,1,21.178663142277053,6.961734950912038,2.87015686305837,68.98944504375254
data/dataset_5/val\Christine_Todd_Whitman\Christine_Todd_Whitman_0001.jpg,Christine_Todd_Whitman,Laura_Bush,0.29969170689582825,0,18.806742443253107,10.057094857785582,10.091418536505127,61.04474416245618
data/dataset_5/val\Christine_Todd_Whitman\Christine_Todd_Whitman_0006.jpg,Christine_Todd_Whitman,Laura_Bush,0.2022906094789505,0,21.14698001906551,13.95421080397047,9.767015497790245,55.131793679173775
data/dataset_5/val\Ciro_Gomes\Ciro_Gomes_0001.jpg,Ciro_Gomes,Clint_Eastwood,0.33698996901512146,0,12.790687026801928,10.504027665244381,19.738416735031915,56.966868572921776
data/dataset_5/val\Clara_Harris\Clara_Harris_0001.jpg,Clara_Harris,Gloria_Macapagal_Arroyo,0.4494268596172333,0,23.336353377773737,17.618205160019926,10.244776548691895,48.800664913514446
data/dataset_5/val\Claudia_Pechstein\Claudia_Pechstein_0001.jpg,Claudia_Pechstein,Saddam_Hussein,0.27456068992614746,0,22.322694637527864,11.82610949666115,4.952173296529814,60.89902256928117
data/dataset_5/val\Clay_Aiken\Clay_Aiken_0001.jpg,Clay_Aiken,Tony_Blair,0.2025284618139267,0,17.311206173805598,14.570748378980229,15.293388545420022,52.82465690179415
data/dataset_5/val\Clay_Aiken\Clay_Aiken_0006.jpg,Clay_Aiken,Clay_Aiken,0.7114786505699158,1,8.08963792390528,11.320766101170182,21.63526420709191,58.95433176783263
data/dataset_5/val\Clint_Eastwood\Clint_Eastwood_0001.jpg,Clint_Eastwood,John_Howard,0.42716747522354126,0,18.48234230040977,16.62293636100281,12.061978024687603,52.83274331389982
data/dataset_5/val\Clint_Eastwood\Clint_Eastwood_0006.jpg,Clint_Eastwood,Clint_Eastwood,0.6240487694740295,1,15.364393970840066,17.05111501757302,19.019818298270884,48.56467271331603
data/dataset_5/val\Colin_Farrell\Colin_Farrell_0001.jpg,Colin_Farrell,Justin_Timberlake,0.2529287040233612,0,11.893960813676609,14.538388095781515,18.766402155919007,54.80124893462287
data/dataset_5/val\Colin_Farrell\Colin_Farrell_0002.jpg,Colin_Farrell,Roh_Moo-hyun,0.22105373442173004,0,20.540526940802273,24.55584193586484,13.70626415869932,41.19736696463357
data/dataset_5/val\Colin_Montgomerie\Colin_Montgomerie_0001.jpg,Colin_Montgomerie,Colin_Montgomerie,0.7236137986183167,1,20.0004405112166,14.4833715371026,10.279684533461465,55.236503418219336
data/dataset_5/val\Colin_Powell\Colin_Powell_0002.jpg,Colin_Powell,Colin_Powell,0.8571398258209229,1,8.926726464449693,5.80899848360364,8.625216457232003,76.63905859471467
data/dataset_5/val\Colin_Powell\Colin_Powell_0007.jpg,Colin_Powell,Colin_Powell,0.9999842643737793,1,19.226795008263622,18.622131083931016,13.982268928059197,48.16880497974616
data/dataset_5/val\Colin_Powell\Colin_Powell_0008.jpg,Colin_Powell,Colin_Powell,0.9972208738327026,1,18.244451048445512,18.027642503708304,11.304997971629442,52.42290847621674
data/dataset_5/val\Colin_Powell\Colin_Powell_0009.jpg,Colin_Powell,Colin_Powell,0.9997288584709167,1,19.19733036015058,18.337868702958144,11.754544628085448,50.710256308805825
data/dataset_5/val\Colin_Powell\Colin_Powell_0023.jpg,Colin_Powell,Colin_Powell,0.7359033823013306,1,15.84922472141314,19.9312621641313,17.929427511658268,46.29008560279729
data/dataset_5/val\Colin_Powell\Colin_Powell_0024.jpg,Colin_Powell,Colin_Powell,0.9491056799888611,1,14.704145396769004,16.35519610431829,12.202015690970025,56.73864280794268
data/dataset_5/val\Colin_Powell\Colin_Powell_0027.jpg,Colin_Powell,Colin_Powell,0.9270884990692139,1,22.37761913321885,19.478828458351828,8.259833457505692,49.88371895092363
data/dataset_5/val\Colin_Powell\Colin_Powell_0029.jpg,Colin_Powell,Colin_Powell,0.9988135099411011,1,24.617534196458095,18.242449501313597,7.911649155196507,49.2283671470318
data/dataset_5/val\Colin_Powell\Colin_Powell_0036.jpg,Colin_Powell,Colin_Powell,0.994594156742096,1,17.569502548721374,17.297291106035964,10.657741186290114,54.47546515895255
data/dataset_5/val\Colin_Powell\Colin_Powell_0040.jpg,Colin_Powell,Colin_Powell,0.9998289346694946,1,15.607369978463108,15.67707200739987,8.889621088917734,59.82593692521929
data/dataset_5/val\Colin_Powell\Colin_Powell_0041.jpg,Colin_Powell,Colin_Powell,0.9767863750457764,1,13.131105716850346,9.490150957982628,5.1994474096812615,72.17929591548577
data/dataset_5/val\Colin_Powell\Colin_Powell_0051.jpg,Colin_Powell,Colin_Powell,0.9863795638084412,1,19.863516188007548,21.39476317547324,10.619500544374779,48.12222009214443
data/dataset_5/val\Colin_Powell\Colin_Powell_0056.jpg,Colin_Powell,Colin_Powell,0.9999964237213135,1,14.626955269744501,16.90012376789495,13.722274484534763,54.75064647782578
data/dataset_5/val\Colin_Powell\Colin_Powell_0057.jpg,Colin_Powell,Colin_Powell,0.9975892305374146,1,18.32516152980659,21.61808243666582,13.678404366492753,46.37835166703484
data/dataset_5/val\Colin_Powell\Colin_Powell_0058.jpg,Colin_Powell,Colin_Powell,0.9934210181236267,1,20.27336918758516,17.783459808648256,8.086389087393469,53.856781916373116
data/dataset_5/val\Colin_Powell\Colin_Powell_0060.jpg,Colin_Powell,Colin_Powell,0.3600231409072876,1,21.64672719697677,25.898627516677845,11.429063505646747,41.02558178069864
data/dataset_5/val\Colin_Powell\Colin_Powell_0063.jpg,Colin_Powell,Colin_Powell,0.9692789316177368,1,18.53991863076463,19.700768793827837,8.91764599126128,52.84166658414625
data/dataset_5/val\Colin_Powell\Colin_Powell_0071.jpg,Colin_Powell,Colin_Powell,0.9148041605949402,1,12.237385968611626,10.430062724787014,7.23313481466507,70.0994164919363
data/dataset_5/val\Colin_Powell\Colin_Powell_0072.jpg,Colin_Powell,Colin_Powell,0.4628799259662628,1,0.0,2.7413059747948836,20.38607470443381,76.8726193207713
data/dataset_5/val\Colin_Powell\Colin_Powell_0087.jpg,Colin_Powell,Colin_Powell,0.9998301267623901,1,23.128684062666547,22.605592887430966,10.751997105676738,43.51372594422575
data/dataset_5/val\Colin_Powell\Colin_Powell_0088.jpg,Colin_Powell,Colin_Powell,0.9949743747711182,1,15.933928238112204,16.118058887796263,10.119141712958676,57.82887116113286
data/dataset_5/val\Colin_Powell\Colin_Powell_0098.jpg,Colin_Powell,Colin_Powell,0.9954735636711121,1,20.47967382939347,21.76044554855054,10.358589269745694,47.401291352310295
data/dataset_5/val\Colin_Powell\Colin_Powell_0108.jpg,Colin_Powell,Colin_Powell,0.7819688320159912,1,16.402484624361872,17.42553285350372,12.697874186484729,53.47410833564968
