imagem,real,pred,confidence,correta,olhos,nariz,boca,fundo
data/dataset_10/val\Abdullah_Gul\Abdullah_Gul_0001.jpg,Abdullah_Gul,Abdullah_Gul,0.9275833964347839,1,12.382602972076645,6.806786922133379,16.273854518334137,64.53675558745584
data/dataset_10/val\Abdullah_Gul\Abdullah_Gul_0004.jpg,Abdullah_Gul,Abdullah_Gul,0.976097583770752,1,5.263189864682349,6.840744859666138,21.84038247044594,66.05568280520558
data/dataset_10/val\Abdullah_Gul\Abdullah_Gul_0008.jpg,Abdullah_Gul,Abdullah_Gul,0.9027854204177856,1,4.919059320701986,6.826421768244942,25.282318881823116,62.97220002922995
data/dataset_10/val\Abdullah_Gul\Abdullah_Gul_0009.jpg,Abdullah_Gul,Abdullah_Gul,0.31603485345840454,1,2.6308088255287387,4.116246448129836,25.9512945277191,67.30165019862233
data/dataset_10/val\Adrien_Brody\Adrien_Brody_0001.jpg,Adrien_Brody,Adrien_Brody,0.9234214425086975,1,21.465200703873688,19.44209164993791,13.733127829470126,45.35957981671827
data/dataset_10/val\Adrien_Brody\Adrien_Brody_0002.jpg,Adrien_Brody,Alvaro_Uribe,0.7417151927947998,0,24.328543255670745,19.497844493071444,8.061632202730538,48.11198004852727
data/dataset_10/val\Adrien_Brody\Adrien_Brody_0011.jpg,Adrien_Brody,Adrien_Brody,0.5208497047424316,1,15.246271458849574,15.084101573764777,15.278164565218782,54.391462402166866
data/dataset_10/val\Alejandro_Toledo\Alejandro_Toledo_0002.jpg,Alejandro_Toledo,Alejandro_Toledo,0.5821751356124878,1,18.471787241777804,21.232668410182338,17.738772362379624,42.556771985660234
data/dataset_10/val\Alejandro_Toledo\Alejandro_Toledo_0006.jpg,Alejandro_Toledo,Arnold_Schwarzenegger,0.2866378128528595,0,20.52209823328682,11.883194407703042,5.656245598860577,61.938461760149565
data/dataset_10/val\Alejandro_Toledo\Alejandro_Toledo_0007.jpg,Alejandro_Toledo,Alejandro_Toledo,0.996383786201477,1,10.180160954938032,12.266240593079063,20.38087910516163,57.172719346821275
data/dataset_10/val\Alejandro_Toledo\Alejandro_Toledo_0008.jpg,Alejandro_Toledo,Alejandro_Toledo,0.5444775223731995,1,5.112967518529038,9.309458562432312,24.853981126716675,60.72359279232197
data/dataset_10/val\Alejandro_Toledo\Alejandro_Toledo_0009.jpg,Alejandro_Toledo,Alejandro_Toledo,0.3707410395145416,1,8.380890032505036,10.813246056356034,20.417771775683825,60.3880921354551
data/dataset_10/val\Alejandro_Toledo\Alejandro_Toledo_0015.jpg,Alejandro_Toledo,Alejandro_Toledo,0.9150640368461609,1,14.073156074647471,14.2888843194387,18.434546080353357,53.20341352556047
data/dataset_10/val\Alejandro_Toledo\Alejandro_Toledo_0016.jpg,Alejandro_Toledo,Alejandro_Toledo,0.8404670357704163,1,14.421673577015307,12.124499533778877,19.13696593015903,54.31686095904679
data/dataset_10/val\Alejandro_Toledo\Alejandro_Toledo_0018.jpg,Alejandro_Toledo,Alejandro_Toledo,0.23896828293800354,1,16.715557361977428,10.86219757291675,13.583308351171915,58.838936713933904
data/dataset_10/val\Alvaro_Uribe\Alvaro_Uribe_0002.jpg,Alvaro_Uribe,Jiang_Zemin,0.7788164615631104,0,17.483671256528392,9.157335453480599,12.779332375400319,60.57966091459069
data/dataset_10/val\Alvaro_Uribe\Alvaro_Uribe_0005.jpg,Alvaro_Uribe,Alvaro_Uribe,0.9993345141410828,1,14.212073114151467,14.731042565968496,17.191406196716304,53.86547812316373
data/dataset_10/val\Alvaro_Uribe\Alvaro_Uribe_0008.jpg,Alvaro_Uribe,Alvaro_Uribe,0.8291757702827454,1,17.90345879945607,16.704905785978724,13.775964253854207,51.615671160710995
data/dataset_10/val\Alvaro_Uribe\Alvaro_Uribe_0016.jpg,Alvaro_Uribe,Alvaro_Uribe,0.8508596420288086,1,11.993889836429172,12.970657238441786,17.291013553893116,57.74443937123593
data/dataset_10/val\Alvaro_Uribe\Alvaro_Uribe_0018.jpg,Alvaro_Uribe,Alvaro_Uribe,0.9973757266998291,1,18.57329073603934,17.858830821181538,13.46571560573747,50.102162837041654
data/dataset_10/val\Alvaro_Uribe\Alvaro_Uribe_0024.jpg,Alvaro_Uribe,Alvaro_Uribe,0.9994781613349915,1,10.358399645102285,9.872193991132672,17.982886664897975,61.78651969886707
data/dataset_10/val\Alvaro_Uribe\Alvaro_Uribe_0035.jpg,Alvaro_Uribe,Alvaro_Uribe,0.8758361339569092,1,10.02615869282838,10.143206544441307,18.328349417170752,61.50228534555956
data/dataset_10/val\Amelie_Mauresmo\Amelie_Mauresmo_0001.jpg,Amelie_Mauresmo,Amelie_Mauresmo,0.8994930386543274,1,15.089619062256162,15.040489494515253,17.96775262058018,51.90213882264841
data/dataset_10/val\Amelie_Mauresmo\Amelie_Mauresmo_0004.jpg,Amelie_Mauresmo,Amelie_Mauresmo,0.6890742182731628,1,15.530551616533906,13.567945838695332,14.513964966073194,56.38753757869757
data/dataset_10/val\Amelie_Mauresmo\Amelie_Mauresmo_0008.jpg,Amelie_Mauresmo,Amelie_Mauresmo,0.8291429877281189,1,13.7101742982678,16.07582737686619,17.446492186366928,52.76750613849908
data/dataset_10/val\Amelie_Mauresmo\Amelie_Mauresmo_0009.jpg,Amelie_Mauresmo,Amelie_Mauresmo,0.9882899522781372,1,16.51473415133165,15.045167352307843,14.916678031494662,53.52342046486584
data/dataset_10/val\Amelie_Mauresmo\Amelie_Mauresmo_0021.jpg,Amelie_Mauresmo,Arnold_Schwarzenegger,0.24618901312351227,0,23.91982680179888,13.627975808449364,5.660328991247163,56.79186839850459
data/dataset_10/val\Andre_Agassi\Andre_Agassi_0002.jpg,Andre_Agassi,Andre_Agassi,0.9363498091697693,1,15.366842698504303,10.925168107471602,16.464452016707384,57.24353717731671
data/dataset_10/val\Andre_Agassi\Andre_Agassi_0004.jpg,Andre_Agassi,Guillermo_Coria,0.1585724949836731,0,22.49100703327805,15.762923944575592,7.178500263403435,54.56756875874292
data/dataset_10/val\Andre_Agassi\Andre_Agassi_0005.jpg,Andre_Agassi,Lleyton_Hewitt,0.32372239232063293,0,13.524889312785437,15.84906267673537,20.500410886932734,50.12563712354646
data/dataset_10/val\Andre_Agassi\Andre_Agassi_0008.jpg,Andre_Agassi,Andre_Agassi,0.8878531455993652,1,12.294686376116468,11.527349477636898,16.196213554641783,59.98175059160485
data/dataset_10/val\Andre_Agassi\Andre_Agassi_0015.jpg,Andre_Agassi,Andre_Agassi,0.9883463978767395,1,20.15695433606868,17.92746684569498,10.162576263615053,51.75300255462129
data/dataset_10/val\Andre_Agassi\Andre_Agassi_0016.jpg,Andre_Agassi,Andre_Agassi,0.9825506806373596,1,15.537381946093033,13.066604211091029,13.348777471902993,58.04723637091294
data/dataset_10/val\Andre_Agassi\Andre_Agassi_0018.jpg,Andre_Agassi,Andre_Agassi,0.9276755452156067,1,15.338135866927376,13.747250836947673,13.63042507601137,57.28418822011358
data/dataset_10/val\Andre_Agassi\Andre_Agassi_0024.jpg,Andre_Agassi,John_Howard,0.4757498502731323,0,16.567091284173365,15.94706667707106,15.930179303735086,51.55566273502049
data/dataset_10/val\Andy_Roddick\Andy_Roddick_0001.jpg,Andy_Roddick,Jiang_Zemin,0.43345457315444946,0,15.878207135779828,6.599526646524535,14.296564764906545,63.22570145278909
data/dataset_10/val\Andy_Roddick\Andy_Roddick_0002.jpg,Andy_Roddick,Andy_Roddick,0.4036152958869934,1,11.592286171310676,10.935848615502344,17.537221010316603,59.93464420287037
data/dataset_10/val\Andy_Roddick\Andy_Roddick_0011.jpg,Andy_Roddick,Pete_Sampras,0.5747615694999695,0,18.5591443856134,13.907319063145941,8.967518804575525,58.56601774666513
data/dataset_10/val\Angelina_Jolie\Angelina_Jolie_0001.jpg,Angelina_Jolie,Angelina_Jolie,0.8565957546234131,1,17.34880836376327,13.994025179423925,18.573427895636414,50.083738561176396
data/dataset_10/val\Angelina_Jolie\Angelina_Jolie_0004.jpg,Angelina_Jolie,Angelina_Jolie,0.6461703181266785,1,13.45180709993026,12.61955788755435,16.801760747925144,57.12687426459025
data/dataset_10/val\Angelina_Jolie\Angelina_Jolie_0008.jpg,Angelina_Jolie,Angelina_Jolie,0.6987180709838867,1,17.814301236943123,10.33331928519974,10.650053067063261,61.20232641079387
data/dataset_10/val\Angelina_Jolie\Angelina_Jolie_0009.jpg,Angelina_Jolie,Angelina_Jolie,0.2817683517932892,1,10.882883491182726,8.34205935449606,17.359082504909967,63.41597464941125
data/dataset_10/val\Ann_Veneman\Ann_Veneman_0001.jpg,Ann_Veneman,Ann_Veneman,0.9875205755233765,1,20.94080151402747,16.948767756724372,13.075071695808138,49.035359033440024
data/dataset_10/val\Ann_Veneman\Ann_Veneman_0002.jpg,Ann_Veneman,Ann_Veneman,0.9751440286636353,1,13.089150641647574,12.52743533797379,17.22061437795955,57.16279964241909
data/dataset_10/val\Ann_Veneman\Ann_Veneman_0011.jpg,Ann_Veneman,Ann_Veneman,0.9180770516395569,1,18.974207102234807,13.138594430393466,14.294024788866553,53.593173678505174
data/dataset_10/val\Anna_Kournikova\Anna_Kournikova_0001.jpg,Anna_Kournikova,Kim_Clijsters,0.3682669997215271,0,21.298906857033025,15.761201644493505,12.1180873507171,50.82180414775637
data/dataset_10/val\Anna_Kournikova\Anna_Kournikova_0002.jpg,Anna_Kournikova,Serena_Williams,0.36054864525794983,0,12.204969737894576,12.072171066909702,16.19448544093622,59.528373754259505
data/dataset_10/val\Anna_Kournikova\Anna_Kournikova_0011.jpg,Anna_Kournikova,Anna_Kournikova,0.36211201548576355,1,19.060568412853463,14.994248071787329,12.807821311414877,53.137362203944335
data/dataset_10/val\Ari_Fleischer\Ari_Fleischer_0001.jpg,Ari_Fleischer,John_Negroponte,0.4790899455547333,0,20.08214995235195,14.694612020750313,7.5373370371051145,57.68590098979262
data/dataset_10/val\Ari_Fleischer\Ari_Fleischer_0002.jpg,Ari_Fleischer,Ari_Fleischer,0.9356825947761536,1,21.599714090821884,5.974632485611972,6.963598036622636,65.4620553869435
data/dataset_10/val\Ari_Fleischer\Ari_Fleischer_0011.jpg,Ari_Fleischer,Ari_Fleischer,0.9801616072654724,1,21.684345184659396,15.839688600609703,9.488170631948737,52.98779558278216
data/dataset_10/val\Ariel_Sharon\Ariel_Sharon_0004.jpg,Ariel_Sharon,Ariel_Sharon,0.5379763841629028,1,15.366204131625834,16.736416608961285,14.767955743668598,53.129423515744286
data/dataset_10/val\Ariel_Sharon\Ariel_Sharon_0005.jpg,Ariel_Sharon,Ariel_Sharon,0.9895563721656799,1,16.158261717337542,16.64311298669691,13.95101910930857,53.247606186656974
data/dataset_10/val\Ariel_Sharon\Ariel_Sharon_0012.jpg,Ariel_Sharon,Ariel_Sharon,0.9951874017715454,1,11.262241186453917,12.061037046500918,16.16881907641157,60.5079026906336
data/dataset_10/val\Ariel_Sharon\Ariel_Sharon_0014.jpg,Ariel_Sharon,Ariel_Sharon,0.8234226107597351,1,13.600329312085783,13.741132536077286,15.437481637615207,57.22105651422172
data/dataset_10/val\Ariel_Sharon\Ariel_Sharon_0015.jpg,Ariel_Sharon,Ariel_Sharon,0.9882011413574219,1,15.319331521950852,16.267830018817765,14.725170541595073,53.68766791763631
data/dataset_10/val\Ariel_Sharon\Ariel_Sharon_0018.jpg,Ariel_Sharon,Ariel_Sharon,0.19368091225624084,1,19.875062450588533,14.38958331363906,10.438785330787006,55.2965689049854
data/dataset_10/val\Ariel_Sharon\Ariel_Sharon_0028.jpg,Ariel_Sharon,Ariel_Sharon,0.9205631017684937,1,17.004692267336107,19.349911610760586,15.286803949741346,48.35859217216196
data/dataset_10/val\Ariel_Sharon\Ariel_Sharon_0029.jpg,Ariel_Sharon,Ariel_Sharon,0.8378395438194275,1,15.983076858184834,15.5122917924145,16.44974060586963,52.05489074353104
data/dataset_10/val\Ariel_Sharon\Ariel_Sharon_0032.jpg,Ariel_Sharon,Ariel_Sharon,0.9940032362937927,1,14.520253716284836,15.734774503283036,17.170200158626628,52.5747716218055
data/dataset_10/val\Ariel_Sharon\Ariel_Sharon_0033.jpg,Ariel_Sharon,Ariel_Sharon,0.9633796215057373,1,16.880114496020198,15.75717172869428,13.020628557423157,54.34208521786236
data/dataset_10/val\Ariel_Sharon\Ariel_Sharon_0036.jpg,Ariel_Sharon,Ariel_Sharon,0.6231652498245239,1,15.901291288675347,17.193567155077158,15.731342598003273,51.17379895824422
data/dataset_10/val\Ariel_Sharon\Ariel_Sharon_0055.jpg,Ariel_Sharon,Ariel_Sharon,0.5395342111587524,1,14.353467602698712,13.026728879346834,18.04574339289718,54.57406012505727
data/dataset_10/val\Ariel_Sharon\Ariel_Sharon_0069.jpg,Ariel_Sharon,Ariel_Sharon,0.9966577291488647,1,14.412532884806618,16.248986367406438,16.14366590132657,53.194814846460375
data/dataset_10/val\Ariel_Sharon\Ariel_Sharon_0070.jpg,Ariel_Sharon,Ariel_Sharon,0.9435641765594482,1,14.498770020351605,15.683627944909809,14.816115800931462,55.00148623380712
data/dataset_10/val\Ariel_Sharon\Ariel_Sharon_0076.jpg,Ariel_Sharon,Ariel_Sharon,0.8850195407867432,1,14.816890043103085,16.926584993885733,15.061942545145005,53.19458241786618
data/dataset_10/val\Ariel_Sharon\Ariel_Sharon_0077.jpg,Ariel_Sharon,Ariel_Sharon,0.9674369692802429,1,15.75249226829291,18.21427396654314,19.25373367788951,46.77950008727444
data/dataset_10/val\Arnold_Schwarzenegger\Arnold_Schwarzenegger_0002.jpg,Arnold_Schwarzenegger,Arnold_Schwarzenegger,0.9793842434883118,1,17.569148237299938,18.337151950803282,11.5350239834973,52.55867582839948
data/dataset_10/val\Arnold_Schwarzenegger\Arnold_Schwarzenegger_0006.jpg,Arnold_Schwarzenegger,Arnold_Schwarzenegger,0.31123843789100647,1,18.121606451857186,15.889145523142908,17.20415926936287,48.785088755637034
data/dataset_10/val\Arnold_Schwarzenegger\Arnold_Schwarzenegger_0007.jpg,Arnold_Schwarzenegger,Arnold_Schwarzenegger,0.9944164752960205,1,15.561207958375592,13.37784832522281,13.396900807271564,57.66404290913004
data/dataset_10/val\Arnold_Schwarzenegger\Arnold_Schwarzenegger_0008.jpg,Arnold_Schwarzenegger,Tom_Daschle,0.4174312651157379,0,8.266650308101967,11.177343626019645,20.879213697223737,59.67679236865465
data/dataset_10/val\Arnold_Schwarzenegger\Arnold_Schwarzenegger_0009.jpg,Arnold_Schwarzenegger,Arnold_Schwarzenegger,0.9398794174194336,1,20.13046589015143,19.970098666398254,12.641564257920926,47.25787118552939
data/dataset_10/val\Arnold_Schwarzenegger\Arnold_Schwarzenegger_0015.jpg,Arnold_Schwarzenegger,Arnold_Schwarzenegger,0.22477786242961884,1,23.921399465786713,16.456955132754615,6.825119895412482,52.79652550604619
data/dataset_10/val\Arnold_Schwarzenegger\Arnold_Schwarzenegger_0016.jpg,Arnold_Schwarzenegger,Arnold_Schwarzenegger,0.9098896980285645,1,18.147042592830044,14.3967569129569,12.401891370454116,55.054309123758934
data/dataset_10/val\Arnold_Schwarzenegger\Arnold_Schwarzenegger_0018.jpg,Arnold_Schwarzenegger,Arnold_Schwarzenegger,0.8104503154754639,1,16.65712679097794,18.997990085618973,12.851269008059894,51.49361411534319
data/dataset_10/val\Arnold_Schwarzenegger\Arnold_Schwarzenegger_0041.jpg,Arnold_Schwarzenegger,Arnold_Schwarzenegger,0.9749841094017029,1,17.673316733669324,21.238616781728446,14.907955927911338,46.18011055669089
data/dataset_10/val\Atal_Bihari_Vajpayee\Atal_Bihari_Vajpayee_0001.jpg,Atal_Bihari_Vajpayee,Atal_Bihari_Vajpayee,0.5200343728065491,1,10.777622392214603,4.6575312967835165,10.291175558899454,74.27367075210242
data/dataset_10/val\Atal_Bihari_Vajpayee\Atal_Bihari_Vajpayee_0004.jpg,Atal_Bihari_Vajpayee,Queen_Elizabeth_II,0.486447274684906,0,19.89101788057832,14.937100053281513,11.107666709890687,54.06421535624948
data/dataset_10/val\Atal_Bihari_Vajpayee\Atal_Bihari_Vajpayee_0008.jpg,Atal_Bihari_Vajpayee,Atal_Bihari_Vajpayee,0.5839656591415405,1,13.243990707175342,3.9580843030238233,14.842132880539731,67.9557921092611
data/dataset_10/val\Atal_Bihari_Vajpayee\Atal_Bihari_Vajpayee_0009.jpg,Atal_Bihari_Vajpayee,Atal_Bihari_Vajpayee,0.9990144968032837,1,19.185405566150617,18.50059979597651,14.428631805366669,47.8853628325062
data/dataset_10/val\Atal_Bihari_Vajpayee\Atal_Bihari_Vajpayee_0021.jpg,Atal_Bihari_Vajpayee,Atal_Bihari_Vajpayee,0.6469618082046509,1,13.328283476509979,9.815812792476152,15.400758038180273,61.4551456928336
data/dataset_10/val\Bill_Clinton\Bill_Clinton_0001.jpg,Bill_Clinton,Bill_Clinton,0.3527233898639679,1,15.603180184121182,15.352629844099212,16.84708728056966,52.19710269120995
data/dataset_10/val\Bill_Clinton\Bill_Clinton_0004.jpg,Bill_Clinton,Bill_Clinton,0.9869276881217957,1,16.148285863001103,12.490500505323945,14.867723378893972,56.49349025278098
data/dataset_10/val\Bill_Clinton\Bill_Clinton_0008.jpg,Bill_Clinton,Bill_Clinton,0.8891546726226807,1,19.28805620767128,11.431849078480163,14.334835463002701,54.94525925084586
data/dataset_10/val\Bill_Clinton\Bill_Clinton_0009.jpg,Bill_Clinton,Bill_Clinton,0.5853434801101685,1,11.741154267928838,11.907601858085732,18.492862892982735,57.858380981002696
data/dataset_10/val\Bill_Clinton\Bill_Clinton_0021.jpg,Bill_Clinton,Bill_Clinton,0.6870394945144653,1,21.132839202094114,17.523403000793596,14.760290583547981,46.583467213564305
data/dataset_10/val\Bill_Clinton\Bill_Clinton_0024.jpg,Bill_Clinton,Bill_Clinton,0.7846027612686157,1,20.62147123502306,14.129118865194412,13.197269127338078,52.05214077244445
data/dataset_10/val\Bill_Gates\Bill_Gates_0001.jpg,Bill_Gates,Bill_Gates,0.22800062596797943,1,10.361970395418101,11.663618357660553,17.296587302374142,60.67782394454721
data/dataset_10/val\Bill_Gates\Bill_Gates_0004.jpg,Bill_Gates,John_Ashcroft,0.12231535464525223,0,20.44884154254658,18.239141396631005,8.581016661802348,52.73100039902006
data/dataset_10/val\Bill_Gates\Bill_Gates_0005.jpg,Bill_Gates,Hans_Blix,0.7784314751625061,0,9.95564790752844,8.44740222387332,20.138729224396076,61.458220644202164
data/dataset_10/val\Bill_Gates\Bill_Gates_0012.jpg,Bill_Gates,Bill_Gates,0.9896789789199829,1,9.974195271275363,12.867834259243718,18.978584424759298,58.17938604472162
data/dataset_10/val\Bill_McBride\Bill_McBride_0001.jpg,Bill_McBride,Rubens_Barrichello,0.31388673186302185,0,12.050367535961918,11.724476328659279,14.10117463948248,62.123981495896324
data/dataset_10/val\Bill_McBride\Bill_McBride_0002.jpg,Bill_McBride,Harrison_Ford,0.1921834945678711,0,20.736200291777262,7.005680762452521,6.84619954018708,65.41191940558313
data/dataset_10/val\Bill_Simon\Bill_Simon_0001.jpg,Bill_Simon,Bill_Simon,0.9753746390342712,1,10.045233334875038,11.712010695800611,20.062757875470876,58.17999809385348
data/dataset_10/val\Bill_Simon\Bill_Simon_0002.jpg,Bill_Simon,Bill_Simon,0.5936744213104248,1,10.703392224637932,11.744343154816114,18.550720418570116,59.00154420197584
data/dataset_10/val\Bill_Simon\Bill_Simon_0011.jpg,Bill_Simon,Bill_Simon,0.6267193555831909,1,18.17456484208873,12.332970413551456,5.871129956635714,63.6213347877241
data/dataset_10/val\Britney_Spears\Britney_Spears_0001.jpg,Britney_Spears,Britney_Spears,0.6775772571563721,1,21.842095795315927,12.594712390090173,5.557384578899851,60.00580723569405
data/dataset_10/val\Britney_Spears\Britney_Spears_0002.jpg,Britney_Spears,Britney_Spears,0.5253798365592957,1,21.40287324520177,11.959925621757513,7.0398895795398015,59.597311553500916
data/dataset_10/val\Britney_Spears\Britney_Spears_0011.jpg,Britney_Spears,Britney_Spears,0.952345073223114,1,19.63389515154507,12.800019651089434,8.038549929873724,59.52753526749177
data/dataset_10/val\Carlos_Menem\Carlos_Menem_0001.jpg,Carlos_Menem,Carlos_Menem,0.9713677763938904,1,11.721377127121379,10.915907441111186,22.667454881113084,54.69526055065435
data/dataset_10/val\Carlos_Menem\Carlos_Menem_0004.jpg,Carlos_Menem,Carlos_Menem,0.9959433674812317,1,11.970945187756422,12.278382122831353,17.314666679645256,58.43600600976697
data/dataset_10/val\Carlos_Menem\Carlos_Menem_0008.jpg,Carlos_Menem,Carlos_Menem,0.8336966037750244,1,17.53359642225978,12.609417623805419,12.840247034356087,57.016738919578714
data/dataset_10/val\Carlos_Menem\Carlos_Menem_0009.jpg,Carlos_Menem,Carlos_Menem,0.7263001799583435,1,11.280684926712325,11.500308279697215,23.306367093225447,53.91263970036501
data/dataset_10/val\Carlos_Menem\Carlos_Menem_0021.jpg,Carlos_Menem,Carlos_Menem,0.9762968420982361,1,10.271570448066894,10.2315671134929,19.902025296193063,59.594837142247144
data/dataset_10/val\Carlos_Moya\Carlos_Moya_0001.jpg,Carlos_Moya,Carlos_Moya,0.9196113348007202,1,10.493444571740307,9.49425776690238,18.890321638648317,61.121976022709
data/dataset_10/val\Carlos_Moya\Carlos_Moya_0004.jpg,Carlos_Moya,Carlos_Moya,0.9884780049324036,1,11.799270412441908,12.110715955138987,18.22387466672932,57.866138965689785
data/dataset_10/val\Carlos_Moya\Carlos_Moya_0008.jpg,Carlos_Moya,Carlos_Moya,0.9735716581344604,1,16.32852037839632,10.562464169629102,14.532940185594219,58.57607526638036
data/dataset_10/val\Carlos_Moya\Carlos_Moya_0009.jpg,Carlos_Moya,Andre_Agassi,0.6457946300506592,0,18.859132535672128,11.44701810538689,8.820767338926029,60.873082020014955
data/dataset_10/val\Catherine_Zeta-Jones\Catherine_Zeta-Jones_0001.jpg,Catherine_Zeta-Jones,Catherine_Zeta-Jones,0.988222062587738,1,23.504133446357937,9.927336287528473,5.87710693277985,60.69142333333374
data/dataset_10/val\Catherine_Zeta-Jones\Catherine_Zeta-Jones_0002.jpg,Catherine_Zeta-Jones,Catherine_Zeta-Jones,0.9986586570739746,1,22.76016323263095,11.713443542741,6.533123411755701,58.99326981287235
data/dataset_10/val\Catherine_Zeta-Jones\Catherine_Zeta-Jones_0011.jpg,Catherine_Zeta-Jones,Julie_Gerberding,0.6645655035972595,0,21.106493517990035,7.898214278082267,4.4791325217849645,66.51615968214273
data/dataset_10/val\Charles_Moose\Charles_Moose_0001.jpg,Charles_Moose,Charles_Moose,0.8172363042831421,1,8.521825448782474,12.339854001301255,22.262592230071746,56.87572831984453
data/dataset_10/val\Charles_Moose\Charles_Moose_0002.jpg,Charles_Moose,Charles_Moose,0.8340399861335754,1,11.362532831607767,13.474530113080377,19.11544361184016,56.047493443471694
data/dataset_10/val\Charles_Moose\Charles_Moose_0011.jpg,Charles_Moose,Charles_Moose,0.8607060313224792,1,10.968885243291473,13.26754705047138,17.411504471412098,58.352063234825046
data/dataset_10/val\Colin_Powell\Colin_Powell_0002.jpg,Colin_Powell,Colin_Powell,0.9868974685668945,1,11.160702238081733,5.549716179117936,4.201502732842073,79.08807884995826
data/dataset_10/val\Colin_Powell\Colin_Powell_0007.jpg,Colin_Powell,Colin_Powell,0.9999970197677612,1,20.304719513748612,19.832085640638976,12.008218600278278,47.854976245334136
data/dataset_10/val\Colin_Powell\Colin_Powell_0008.jpg,Colin_Powell,Colin_Powell,0.9995150566101074,1,17.099408787977747,18.759505642748575,12.474378114730762,51.666707454542916
data/dataset_10/val\Colin_Powell\Colin_Powell_0009.jpg,Colin_Powell,Colin_Powell,0.9999877214431763,1,19.315529645973257,18.393332338524047,10.792785734115501,51.4983522813872
data/dataset_10/val\Colin_Powell\Colin_Powell_0023.jpg,Colin_Powell,Colin_Powell,0.9873521327972412,1,11.48922224474891,13.865319153430212,18.689154447327947,55.956304154492926
data/dataset_10/val\Colin_Powell\Colin_Powell_0024.jpg,Colin_Powell,Colin_Powell,0.9781243801116943,1,13.889150183161231,14.915834090944868,10.306733394010541,60.88828233188336
data/dataset_10/val\Colin_Powell\Colin_Powell_0027.jpg,Colin_Powell,Colin_Powell,0.9983129501342773,1,22.86736315527521,16.862777794289755,7.065242110360239,53.20461694007479
data/dataset_10/val\Colin_Powell\Colin_Powell_0029.jpg,Colin_Powell,Colin_Powell,0.9998962879180908,1,23.398959911672144,16.181267915328604,7.421112434539489,52.998659738459764
data/dataset_10/val\Colin_Powell\Colin_Powell_0036.jpg,Colin_Powell,Colin_Powell,0.9946439266204834,1,17.742855531810754,16.82505350685783,9.583788098859342,55.848302862472075
data/dataset_10/val\Colin_Powell\Colin_Powell_0040.jpg,Colin_Powell,Colin_Powell,0.9999308586120605,1,8.931133443026557,5.67620767360302,6.232306802036244,79.16035208133418
data/dataset_10/val\Colin_Powell\Colin_Powell_0041.jpg,Colin_Powell,Colin_Powell,0.9974676370620728,1,11.520617559473063,6.508285371500244,4.14795568154204,77.82314138748465
data/dataset_10/val\Colin_Powell\Colin_Powell_0051.jpg,Colin_Powell,Colin_Powell,0.9994600415229797,1,21.65934927438621,22.897555278906466,9.88240424621705,45.560691200490275
data/dataset_10/val\Colin_Powell\Colin_Powell_0056.jpg,Colin_Powell,Colin_Powell,0.9999983310699463,1,14.848096932388586,16.54424877871411,13.10208923626397,55.50556505263334
data/dataset_10/val\Colin_Powell\Colin_Powell_0057.jpg,Colin_Powell,Colin_Powell,0.9998600482940674,1,19.732103946397775,21.11382877195261,11.731413743766234,47.422653537883384
data/dataset_10/val\Colin_Powell\Colin_Powell_0058.jpg,Colin_Powell,Colin_Powell,0.9996140599250793,1,20.97448942571375,14.904553033846637,6.977631941713947,57.14332559872567
data/dataset_10/val\Colin_Powell\Colin_Powell_0060.jpg,Colin_Powell,Colin_Powell,0.8904362916946411,1,18.60033360924825,19.533458921847174,11.787117829142703,50.079089639761875
data/dataset_10/val\Colin_Powell\Colin_Powell_0063.jpg,Colin_Powell,Colin_Powell,0.9958049058914185,1,17.063437678884558,17.50562242020518,8.46677692634385,56.964162974566406
data/dataset_10/val\Colin_Powell\Colin_Powell_0071.jpg,Colin_Powell,Colin_Powell,0.9945369362831116,1,13.490911870309535,9.720347879947068,5.871310799678637,70.91742945006476
data/dataset_10/val\Colin_Powell\Colin_Powell_0072.jpg,Colin_Powell,Colin_Powell,0.7963002920150757,1,11.945096673741984,12.556123940958846,12.115161293745045,63.383618091554126
data/dataset_10/val\Colin_Powell\Colin_Powell_0087.jpg,Colin_Powell,Colin_Powell,0.9999983310699463,1,22.866073958150793,22.05654060575832,10.280556328861284,44.7968291072296
data/dataset_10/val\Colin_Powell\Colin_Powell_0088.jpg,Colin_Powell,Colin_Powell,0.9990848302841187,1,15.378829008016677,13.034488083932748,10.312801644355176,61.2738812636954
data/dataset_10/val\Colin_Powell\Colin_Powell_0098.jpg,Colin_Powell,Colin_Powell,0.9998308420181274,1,20.72322042900467,22.480715907981317,9.677144066802606,47.118919596211406
data/dataset_10/val\Colin_Powell\Colin_Powell_0108.jpg,Colin_Powell,Colin_Powell,0.8396263718605042,1,15.622186161652126,16.73854886411996,11.814170746849541,55.82509422737838
data/dataset_10/val\Colin_Powell\Colin_Powell_0109.jpg,Colin_Powell,Colin_Powell,0.9968653321266174,1,24.68758388661375,22.470734211287947,9.14840665863006,43.69327524346824
data/dataset_10/val\Colin_Powell\Colin_Powell_0115.jpg,Colin_Powell,Colin_Powell,0.5045281648635864,1,19.68419463647489,21.175573000788805,9.248092526888309,49.892139835848
data/dataset_10/val\Colin_Powell\Colin_Powell_0130.jpg,Colin_Powell,Colin_Powell,0.9999523162841797,1,17.613470002667686,16.19179116228796,11.313703798365102,54.88103503667925
data/dataset_10/val\Colin_Powell\Colin_Powell_0140.jpg,Colin_Powell,Colin_Powell,0.9991051554679871,1,19.56438805376088,17.722588178147927,12.035521750063953,50.67750201802724
data/dataset_10/val\Colin_Powell\Colin_Powell_0144.jpg,Colin_Powell,Colin_Powell,0.9150850772857666,1,17.58459622381993,16.955684400678617,8.270065380311925,57.18965399518953
data/dataset_10/val\Colin_Powell\Colin_Powell_0151.jpg,Colin_Powell,Colin_Powell,0.9999113082885742,1,16.574699911844174,17.129442963456157,13.458738132468323,52.837118992231346
data/dataset_10/val\Colin_Powell\Colin_Powell_0152.jpg,Colin_Powell,Colin_Powell,0.9660089015960693,1,17.433107388367972,15.187158569503154,20.586790166622652,46.79294387550622
data/dataset_10/val\Colin_Powell\Colin_Powell_0155.jpg,Colin_Powell,Colin_Powell,0.9916790127754211,1,24.13870762839896,18.92660205850129,8.32509776189252,48.60959255120723
data/dataset_10/val\Colin_Powell\Colin_Powell_0164.jpg,Colin_Powell,Colin_Powell,0.9999504089355469,1,19.50308144038932,20.377708512485732,11.370764871663273,48.748445175461676
data/dataset_10/val\Colin_Powell\Colin_Powell_0167.jpg,Colin_Powell,Tom_Daschle,0.2291157841682434,0,2.4499438068224757,4.75208858890145,21.785295991539122,71.01267161273695
data/dataset_10/val\Colin_Powell\Colin_Powell_0174.jpg,Colin_Powell,Colin_Powell,0.9980279803276062,1,19.865589778963486,16.118568892970732,7.161766500044523,56.85407482802126
data/dataset_10/val\Colin_Powell\Colin_Powell_0179.jpg,Colin_Powell,Colin_Powell,0.9954472184181213,1,21.062446332286555,16.307657736241374,9.574758876057142,53.05513705541493
data/dataset_10/val\Colin_Powell\Colin_Powell_0180.jpg,Colin_Powell,Colin_Powell,0.9998875856399536,1,17.84259436618555,16.471384511063192,11.630849972206619,54.05517115054464
data/dataset_10/val\Colin_Powell\Colin_Powell_0184.jpg,Colin_Powell,Colin_Powell,0.9969972372055054,1,17.65486189168619,18.079048529335758,9.240931647287848,55.0251579316902
data/dataset_10/val\Colin_Powell\Colin_Powell_0189.jpg,Colin_Powell,Colin_Powell,0.9981683492660522,1,15.239939971708651,17.25240352345534,15.72495711827083,51.782699386565184
data/dataset_10/val\Colin_Powell\Colin_Powell_0190.jpg,Colin_Powell,Colin_Powell,0.9999991655349731,1,18.66601159786606,15.962288219940556,16.41610534796037,48.95559483423301
data/dataset_10/val\Colin_Powell\Colin_Powell_0195.jpg,Colin_Powell,Colin_Powell,0.8130401372909546,1,19.243918297391417,19.822570414297033,8.68454861186177,52.24896267644978
data/dataset_10/val\Colin_Powell\Colin_Powell_0202.jpg,Colin_Powell,Colin_Powell,0.9888235926628113,1,15.420750237481393,17.2511978974433,11.773635345409405,55.5544165196659
data/dataset_10/val\Colin_Powell\Colin_Powell_0217.jpg,Colin_Powell,Colin_Powell,0.999996542930603,1,22.66538094072262,15.33588224763414,7.903807704284926,54.09492910735831
data/dataset_10/val\Colin_Powell\Colin_Powell_0218.jpg,Colin_Powell,Colin_Powell,0.9927937984466553,1,18.40082744936925,21.367542845938672,12.537804745872533,47.69382495881955
data/dataset_10/val\Colin_Powell\Colin_Powell_0221.jpg,Colin_Powell,Colin_Powell,0.9998866319656372,1,18.207941857797522,18.141852445048084,11.394498026104067,52.25570767105033
data/dataset_10/val\Colin_Powell\Colin_Powell_0224.jpg,Colin_Powell,Kofi_Annan,0.8101480007171631,0,17.78333659336777,15.301377942042611,14.96638685788915,51.94889860670047
data/dataset_10/val\Colin_Powell\Colin_Powell_0227.jpg,Colin_Powell,Colin_Powell,0.9740114212036133,1,15.860799651446838,15.54663555142956,13.101771823626436,55.490792973497165
data/dataset_10/val\Colin_Powell\Colin_Powell_0233.jpg,Colin_Powell,Colin_Powell,0.9983276724815369,1,10.669503124445862,5.503839066495441,4.574567463791941,79.25209034526675
data/dataset_10/val\Colin_Powell\Colin_Powell_0234.jpg,Colin_Powell,Colin_Powell,0.48772305250167847,1,19.972828647419732,11.6253888499209,7.9381560832696225,60.46362641938974
data/dataset_10/val\Condoleezza_Rice\Condoleezza_Rice_0001.jpg,Condoleezza_Rice,Condoleezza_Rice,0.416737824678421,1,12.417530271794218,9.739301580501376,19.539980120521427,58.303188027182976
data/dataset_10/val\Condoleezza_Rice\Condoleezza_Rice_0002.jpg,Condoleezza_Rice,Condoleezza_Rice,0.9424907565116882,1,9.14925260647618,6.593722748648246,19.197035592050902,65.05998905282468
data/dataset_10/val\Condoleezza_Rice\Condoleezza_Rice_0011.jpg,Condoleezza_Rice,Condoleezza_Rice,0.992017388343811,1,14.898058004000946,9.223375237144436,15.750970464734241,60.12759629412038
data/dataset_10/val\David_Beckham\David_Beckham_0001.jpg,David_Beckham,David_Beckham,0.9726681113243103,1,9.948000424354769,11.019903336153893,19.11587508609966,59.91622115339168
data/dataset_10/val\David_Beckham\David_Beckham_0004.jpg,David_Beckham,David_Beckham,0.9839196801185608,1,15.645133058180111,12.609025138131855,14.26808398949068,57.47775781419735
data/dataset_10/val\David_Beckham\David_Beckham_0008.jpg,David_Beckham,David_Beckham,0.8576769232749939,1,11.891947197143722,17.561379696991033,24.355539995163184,46.19113311070206
data/dataset_10/val\David_Beckham\David_Beckham_0009.jpg,David_Beckham,David_Beckham,0.976095974445343,1,15.997865659142409,12.004218533377326,12.876147360869298,59.121768446610965
data/dataset_10/val\David_Beckham\David_Beckham_0021.jpg,David_Beckham,David_Beckham,0.997856080532074,1,11.8880205588526,12.87951633661796,17.892681439695874,57.339781664833566
data/dataset_10/val\David_Beckham\David_Beckham_0024.jpg,David_Beckham,David_Beckham,0.597758412361145,1,8.830304008374542,10.691902799348023,20.05065134116043,60.42714185111701
data/dataset_10/val\David_Beckham\David_Beckham_0026.jpg,David_Beckham,Rubens_Barrichello,0.33352869749069214,0,13.218417034221789,15.965126180157968,15.498698301034409,55.31775848458584
data/dataset_10/val\David_Nalbandian\David_Nalbandian_0001.jpg,David_Nalbandian,George_W_Bush,0.23110893368721008,0,14.279620149852228,12.074429115771192,13.275887925537823,60.37006280883875
data/dataset_10/val\David_Nalbandian\David_Nalbandian_0002.jpg,David_Nalbandian,Tony_Blair,0.5292057394981384,0,21.60319717175959,22.383340592910937,9.48340994351695,46.530052291812524
data/dataset_10/val\David_Nalbandian\David_Nalbandian_0011.jpg,David_Nalbandian,Michael_Schumacher,0.37482917308807373,0,13.25340204050052,17.360378290748038,19.49910960226565,49.88711006648579
data/dataset_10/val\Dick_Cheney\Dick_Cheney_0001.jpg,Dick_Cheney,Dick_Cheney,0.8902108073234558,1,21.33527816111466,10.053951190351759,5.887603973652155,62.723166674881426
data/dataset_10/val\Dick_Cheney\Dick_Cheney_0002.jpg,Dick_Cheney,Dick_Cheney,0.6235783100128174,1,21.41478380139872,10.167510207313022,5.58268604021774,62.83501995107052
data/dataset_10/val\Dick_Cheney\Dick_Cheney_0011.jpg,Dick_Cheney,Dick_Cheney,0.8917821645736694,1,19.28681124519217,13.984797306171313,8.181954506798382,58.54643694183814
data/dataset_10/val\Dominique_de_Villepin\Dominique_de_Villepin_0001.jpg,Dominique_de_Villepin,Dominique_de_Villepin,0.436497300863266,1,13.717953830395444,10.059650583570209,17.439569084940068,58.78282650109428
data/dataset_10/val\Dominique_de_Villepin\Dominique_de_Villepin_0002.jpg,Dominique_de_Villepin,Dominique_de_Villepin,0.9292139410972595,1,16.496729048490078,13.285352297809094,18.03810207367095,52.17981658002988
data/dataset_10/val\Dominique_de_Villepin\Dominique_de_Villepin_0011.jpg,Dominique_de_Villepin,Dominique_de_Villepin,0.6874661445617676,1,20.19082460839308,16.807430903221572,17.383347261481777,45.61839722690357
data/dataset_10/val\Donald_Rumsfeld\Donald_Rumsfeld_0004.jpg,Donald_Rumsfeld,Donald_Rumsfeld,0.933195173740387,1,18.827435183173982,11.265874868186078,8.7802096908099,61.12648025783004
data/dataset_10/val\Donald_Rumsfeld\Donald_Rumsfeld_0005.jpg,Donald_Rumsfeld,Jean_Chretien,0.2611701190471649,0,21.40831960428605,12.780016262317263,11.783080475613358,54.02858365778333
data/dataset_10/val\Donald_Rumsfeld\Donald_Rumsfeld_0012.jpg,Donald_Rumsfeld,Donald_Rumsfeld,0.9192138910293579,1,15.712193242197893,15.666059340060134,12.995268945319092,55.62647847242288
data/dataset_10/val\Donald_Rumsfeld\Donald_Rumsfeld_0014.jpg,Donald_Rumsfeld,Donald_Rumsfeld,0.897131085395813,1,18.759468100091173,17.06741600714509,12.075252585267814,52.09786330749592
data/dataset_10/val\Donald_Rumsfeld\Donald_Rumsfeld_0015.jpg,Donald_Rumsfeld,Donald_Rumsfeld,0.9872719645500183,1,19.33336386322462,17.13226363309172,10.230324136453822,53.30404836722984
data/dataset_10/val\Donald_Rumsfeld\Donald_Rumsfeld_0018.jpg,Donald_Rumsfeld,Donald_Rumsfeld,0.8819431662559509,1,22.428938694406405,13.734538241404401,6.299091614408343,57.537431449780854
data/dataset_10/val\Donald_Rumsfeld\Donald_Rumsfeld_0028.jpg,Donald_Rumsfeld,Donald_Rumsfeld,0.9936482310295105,1,17.475405939496717,13.867736136167416,10.424488637673463,58.232369286662404
data/dataset_10/val\Donald_Rumsfeld\Donald_Rumsfeld_0029.jpg,Donald_Rumsfeld,George_W_Bush,0.8680243492126465,0,13.890765066434826,9.771418170016991,11.79475982152105,64.54305694202714
data/dataset_10/val\Donald_Rumsfeld\Donald_Rumsfeld_0030.jpg,Donald_Rumsfeld,Donald_Rumsfeld,0.7221673130989075,1,20.708601719482008,13.431454411293982,7.062815311130665,58.79712855809334
data/dataset_10/val\Donald_Rumsfeld\Donald_Rumsfeld_0032.jpg,Donald_Rumsfeld,Donald_Rumsfeld,0.987958550453186,1,17.255785721602084,15.198408958111434,11.039359050102481,56.506446270184
data/dataset_10/val\Donald_Rumsfeld\Donald_Rumsfeld_0036.jpg,Donald_Rumsfeld,Donald_Rumsfeld,0.4493698477745056,1,21.92806529417958,14.575824060308857,9.915637992816215,53.58047265269535
data/dataset_10/val\Donald_Rumsfeld\Donald_Rumsfeld_0055.jpg,Donald_Rumsfeld,Donald_Rumsfeld,0.997965931892395,1,16.209880861141485,15.712243000166982,15.218772328488766,52.85910381020276
data/dataset_10/val\Donald_Rumsfeld\Donald_Rumsfeld_0065.jpg,Donald_Rumsfeld,Donald_Rumsfeld,0.9958357810974121,1,16.102048669365224,13.87388500869906,10.836649464813918,59.1874168571218
data/dataset_10/val\Donald_Rumsfeld\Donald_Rumsfeld_0070.jpg,Donald_Rumsfeld,Donald_Rumsfeld,0.7250769138336182,1,20.095663787321186,13.775658120628682,7.945389368891613,58.18328872315852
data/dataset_10/val\Donald_Rumsfeld\Donald_Rumsfeld_0072.jpg,Donald_Rumsfeld,Donald_Rumsfeld,0.998877227306366,1,20.372013668695942,12.588019506319304,6.579739499235346,60.46022732574941
data/dataset_10/val\Donald_Rumsfeld\Donald_Rumsfeld_0076.jpg,Donald_Rumsfeld,Donald_Rumsfeld,0.2919383645057678,1,14.823735752898264,13.901289066886308,14.25642393832411,57.01855124189132
data/dataset_10/val\Donald_Rumsfeld\Donald_Rumsfeld_0078.jpg,Donald_Rumsfeld,Donald_Rumsfeld,0.9962937235832214,1,18.712295409665916,15.953004347176773,10.97789099981822,54.35680924333909
data/dataset_10/val\Donald_Rumsfeld\Donald_Rumsfeld_0082.jpg,Donald_Rumsfeld,Donald_Rumsfeld,0.992061972618103,1,19.417808090767274,18.91378253981101,12.94130072507153,48.72710864435019
data/dataset_10/val\Donald_Rumsfeld\Donald_Rumsfeld_0087.jpg,Donald_Rumsfeld,Tom_Daschle,0.3281412720680237,0,11.228495493923994,12.94856210515001,16.388325215350285,59.43461718557571
data/dataset_10/val\Donald_Rumsfeld\Donald_Rumsfeld_0095.jpg,Donald_Rumsfeld,Donald_Rumsfeld,0.9999512434005737,1,17.851962929559132,16.363150091742813,13.279333142338928,52.50555383635913
data/dataset_10/val\Donald_Rumsfeld\Donald_Rumsfeld_0104.jpg,Donald_Rumsfeld,Donald_Rumsfeld,0.7724357843399048,1,20.932511325686672,18.76847053421522,8.892934989404672,51.40608315069344
data/dataset_10/val\Donald_Rumsfeld\Donald_Rumsfeld_0108.jpg,Donald_Rumsfeld,Donald_Rumsfeld,0.990172266960144,1,16.178932800024914,14.927209868913227,12.095153386786532,56.79870394427533
data/dataset_10/val\Donald_Rumsfeld\Donald_Rumsfeld_0113.jpg,Donald_Rumsfeld,Donald_Rumsfeld,0.8415654301643372,1,17.733250714659416,12.786934624107266,8.399801767955099,61.08001289327822
data/dataset_10/val\Donald_Rumsfeld\Donald_Rumsfeld_0118.jpg,Donald_Rumsfeld,Donald_Rumsfeld,0.9978680610656738,1,17.9998532019004,18.16687517441622,13.781889048395522,50.05138257528786
data/dataset_10/val\Donald_Rumsfeld\Donald_Rumsfeld_0119.jpg,Donald_Rumsfeld,Donald_Rumsfeld,0.9995172023773193,1,18.452015617542273,16.086366049782487,12.294790600635283,53.166827732039955
data/dataset_10/val\Edmund_Stoiber\Edmund_Stoiber_0001.jpg,Edmund_Stoiber,Edmund_Stoiber,0.9311423897743225,1,19.563398096108724,16.39566493611817,12.936437688961389,51.104499278811716
data/dataset_10/val\Edmund_Stoiber\Edmund_Stoiber_0002.jpg,Edmund_Stoiber,Edmund_Stoiber,0.7271682620048523,1,19.383946206210805,14.568248103777501,11.908998445117298,54.138807244894394
data/dataset_10/val\Edmund_Stoiber\Edmund_Stoiber_0011.jpg,Edmund_Stoiber,Edmund_Stoiber,0.819783627986908,1,19.803054693343395,11.591391168175075,13.310867031782651,55.29468710669888
data/dataset_10/val\Eduardo_Duhalde\Eduardo_Duhalde_0001.jpg,Eduardo_Duhalde,Eduardo_Duhalde,0.5758263468742371,1,20.299432153071745,18.71914001421697,8.150249294005592,52.8311785387057
data/dataset_10/val\Eduardo_Duhalde\Eduardo_Duhalde_0002.jpg,Eduardo_Duhalde,Colin_Powell,0.4845479130744934,0,16.757543752730808,16.77884321131571,10.892829530707402,55.57078350524608
data/dataset_10/val\Eduardo_Duhalde\Eduardo_Duhalde_0011.jpg,Eduardo_Duhalde,Roh_Moo-hyun,0.2376730591058731,0,7.4571479160177025,10.699557517432847,20.195519037551723,61.64777552899773
data/dataset_10/val\Fidel_Castro\Fidel_Castro_0001.jpg,Fidel_Castro,Fidel_Castro,0.8310704827308655,1,10.708898273815622,10.244352591026932,18.31471116684709,60.73203796831036
data/dataset_10/val\Fidel_Castro\Fidel_Castro_0004.jpg,Fidel_Castro,Fidel_Castro,0.8817224502563477,1,9.55059339835887,11.67687148275833,18.912388179584365,59.86014693929843
data/dataset_10/val\Fidel_Castro\Fidel_Castro_0009.jpg,Fidel_Castro,Fidel_Castro,0.9946229457855225,1,11.625753015038693,13.812578713286205,19.831417094524717,54.730251177150386
data/dataset_10/val\Fidel_Castro\Fidel_Castro_0018.jpg,Fidel_Castro,Fidel_Castro,0.7591652870178223,1,6.390722639126855,10.261358469983865,23.266599957107232,60.08131893378205
data/dataset_10/val\George_HW_Bush\George_HW_Bush_0001.jpg,George_HW_Bush,George_W_Bush,0.3472716510295868,0,12.59921082807613,13.955333674366702,17.90647494224278,55.53898055531439
data/dataset_10/val\George_HW_Bush\George_HW_Bush_0002.jpg,George_HW_Bush,Queen_Elizabeth_II,0.14264391362667084,0,18.30177364932655,18.017390126733247,11.45250608263303,52.228330141307175
data/dataset_10/val\George_HW_Bush\George_HW_Bush_0011.jpg,George_HW_Bush,George_HW_Bush,0.4359792470932007,1,21.82168522302716,14.664835152641565,11.091969314458753,52.421510309872524
