imagem,real,pred,confidence,correta,olhos,nariz,boca,fundo
data/dataset_5/val\Abdullah_Gul\Abdullah_Gul_0001.jpg,Abdullah_Gul,Juan_Carlos_Ferrero,0.05979963019490242,0,22.555424011171834,10.013160576082633,4.116887869801412,63.31452754294412
data/dataset_5/val\Abdullah_Gul\Abdullah_Gul_0004.jpg,Abdullah_Gul,Norah_Jones,0.03142751753330231,0,0.0,3.241440660071406,23.14522956991674,73.61332977001186
data/dataset_5/val\Abdullah_Gul\Abdullah_Gul_0008.jpg,Abdullah_Gul,Hugo_Chavez,0.027178049087524414,0,8.19052116820978,4.038109039323161,20.18273278185163,67.58863701061543
data/dataset_5/val\Abdullah_Gul\Abdullah_Gul_0009.jpg,Abdullah_Gul,Winona_Ryder,0.02610730193555355,0,0.0,5.9118755545315995,37.877548400334085,56.21057604513432
data/dataset_5/val\Adrien_Brody\Adrien_Brody_0001.jpg,Adrien_Brody,David_Beckham,0.06679067760705948,0,15.75568873305349,17.355254789501153,12.518352917042519,54.37070356040284
data/dataset_5/val\Adrien_Brody\Adrien_Brody_0002.jpg,Adrien_Brody,Kristanna_Loken,0.05186375603079796,0,12.617362376571142,14.233851558973518,16.85455354742242,56.294232517032924
data/dataset_5/val\Adrien_Brody\Adrien_Brody_0011.jpg,Adrien_Brody,Laura_Bush,0.041612546890974045,0,2.2468228964063965,4.8533110174640415,24.817785670136903,68.08208041599266
data/dataset_5/val\Ahmed_Chalabi\Ahmed_Chalabi_0001.jpg,Ahmed_Chalabi,Junichiro_Koizumi,0.0376272015273571,0,19.9560377059959,5.690315602482938,5.119587275723852,69.2340594157973
data/dataset_5/val\Ai_Sugiyama\Ai_Sugiyama_0001.jpg,Ai_Sugiyama,Vladimir_Putin,0.07505050301551819,0,14.717061351086551,13.755618742324511,12.315466330199056,59.21185357638988
data/dataset_5/val\Al_Gore\Al_Gore_0001.jpg,Al_Gore,Lindsay_Davenport,0.03535395860671997,0,16.011620804820836,15.15430193737353,13.344648071049663,55.48942918675597
data/dataset_5/val\Al_Gore\Al_Gore_0002.jpg,Al_Gore,Hans_Blix,0.04451073706150055,0,9.73680794417738,11.570631996638294,18.86718218036448,59.82537787881984
data/dataset_5/val\Al_Sharpton\Al_Sharpton_0001.jpg,Al_Sharpton,Rubens_Barrichello,0.027550602331757545,0,22.73250682998444,10.932976412803447,7.1728177079725866,59.16169904923952
data/dataset_5/val\Al_Sharpton\Al_Sharpton_0006.jpg,Al_Sharpton,Roh_Moo-hyun,0.19021913409233093,0,15.530964282612757,5.132082983099282,9.743790798125266,69.5931619361627
data/dataset_5/val\Alan_Greenspan\Alan_Greenspan_0001.jpg,Alan_Greenspan,Jacques_Chirac,0.03583436459302902,0,11.520617454358835,6.508285338195382,4.147955646076905,77.82314156136887
data/dataset_5/val\Alastair_Campbell\Alastair_Campbell_0001.jpg,Alastair_Campbell,Jennifer_Capriati,0.10417582094669342,0,13.581595604058698,16.022083977263176,16.60782488193188,53.78849553674625
data/dataset_5/val\Albert_Costa\Albert_Costa_0001.jpg,Albert_Costa,Albert_Costa,0.051224756985902786,1,15.934740845727116,4.637440289990284,12.756459281379234,66.67135958290336
data/dataset_5/val\Albert_Costa\Albert_Costa_0006.jpg,Albert_Costa,Naomi_Watts,0.06951875239610672,0,11.900404930480505,11.019423831948362,14.915154231645243,62.16501700592589
data/dataset_5/val\Alejandro_Toledo\Alejandro_Toledo_0002.jpg,Alejandro_Toledo,John_Ashcroft,0.19356006383895874,0,14.409255385468514,15.799492769105907,12.988940851070579,56.802310994355
data/dataset_5/val\Alejandro_Toledo\Alejandro_Toledo_0006.jpg,Alejandro_Toledo,Alejandro_Toledo,0.2118716686964035,1,20.975973201199754,10.683598395885015,5.079983388908357,63.260445014006876
data/dataset_5/val\Alejandro_Toledo\Alejandro_Toledo_0007.jpg,Alejandro_Toledo,Alejandro_Toledo,0.2829579710960388,1,19.4071294192819,13.152812742078305,7.989929053214404,59.45012878542539
data/dataset_5/val\Alejandro_Toledo\Alejandro_Toledo_0008.jpg,Alejandro_Toledo,John_Ashcroft,0.2484869658946991,0,12.350381288683309,14.665684234831899,16.781225542219477,56.20270893426532
data/dataset_5/val\Alejandro_Toledo\Alejandro_Toledo_0009.jpg,Alejandro_Toledo,Alejandro_Toledo,0.08821775764226913,1,17.720218866028418,14.643180397554813,6.753442251148501,60.88315848526827
data/dataset_5/val\Alejandro_Toledo\Alejandro_Toledo_0015.jpg,Alejandro_Toledo,Alejandro_Toledo,0.2999555766582489,1,19.904632054019977,16.00694170555646,7.145404681456962,56.9430215589666
data/dataset_5/val\Alejandro_Toledo\Alejandro_Toledo_0016.jpg,Alejandro_Toledo,Alejandro_Toledo,0.29726800322532654,1,22.06015356052874,17.2117618653435,8.966124642697373,51.76195993143038
data/dataset_5/val\Alejandro_Toledo\Alejandro_Toledo_0018.jpg,Alejandro_Toledo,Alejandro_Toledo,0.10895264893770218,1,10.996007362493113,9.749233505040953,16.29964629399143,62.955112838474506
data/dataset_5/val\Ali_Naimi\Ali_Naimi_0001.jpg,Ali_Naimi,George_W_Bush,0.1556818187236786,0,4.532767636951038,1.8177305010352822,13.104843609206185,80.54465825280751
data/dataset_5/val\Ali_Naimi\Ali_Naimi_0002.jpg,Ali_Naimi,Arnold_Schwarzenegger,0.10924960672855377,0,20.043907133537783,16.349217112924514,12.401177201228093,51.20569855230961
data/dataset_5/val\Allyson_Felix\Allyson_Felix_0001.jpg,Allyson_Felix,Serena_Williams,0.06680616736412048,0,9.070012284816674,6.5992011023877595,17.745024469459466,66.5857621433361
data/dataset_5/val\Alvaro_Uribe\Alvaro_Uribe_0002.jpg,Alvaro_Uribe,Gerhard_Schroeder,0.31636297702789307,0,18.639680191428607,13.843305239833015,7.255128278806317,60.26188628993206
data/dataset_5/val\Alvaro_Uribe\Alvaro_Uribe_0005.jpg,Alvaro_Uribe,Naomi_Watts,0.02685602568089962,0,11.342052684148404,10.993587273543914,14.448852464702297,63.215507577605386
data/dataset_5/val\Alvaro_Uribe\Alvaro_Uribe_0008.jpg,Alvaro_Uribe,George_Robertson,0.0353570282459259,0,21.012805751774547,15.463450820943677,6.6650016255004605,56.85874180178131
data/dataset_5/val\Alvaro_Uribe\Alvaro_Uribe_0016.jpg,Alvaro_Uribe,Vladimir_Putin,0.09152425825595856,0,20.59357056080585,11.729863029044404,6.307984965319404,61.36858144483034
data/dataset_5/val\Alvaro_Uribe\Alvaro_Uribe_0018.jpg,Alvaro_Uribe,Alvaro_Uribe,0.1339055299758911,1,23.52081614705509,6.374624945090201,4.086648772393427,66.01791013546128
data/dataset_5/val\Alvaro_Uribe\Alvaro_Uribe_0024.jpg,Alvaro_Uribe,Ari_Fleischer,0.027025729417800903,0,17.752150445676723,15.477816120524713,12.675026549568353,54.09500688423021
data/dataset_5/val\Alvaro_Uribe\Alvaro_Uribe_0035.jpg,Alvaro_Uribe,Jennifer_Capriati,0.09133392572402954,0,22.240546423249963,13.919222701610058,5.86659500860555,57.97363586653443
data/dataset_5/val\Amelia_Vega\Amelia_Vega_0001.jpg,Amelia_Vega,Gloria_Macapagal_Arroyo,0.2219124436378479,0,20.978580097090184,17.660209912112848,10.306504293356587,51.05470569744038
data/dataset_5/val\Amelia_Vega\Amelia_Vega_0006.jpg,Amelia_Vega,Gloria_Macapagal_Arroyo,0.10543429106473923,0,19.352892771678604,16.733493981015783,10.384861646552993,53.52875160075262
data/dataset_5/val\Amelie_Mauresmo\Amelie_Mauresmo_0001.jpg,Amelie_Mauresmo,Jennifer_Capriati,0.05199955403804779,0,23.812254318653167,3.091281482340271,6.229070422935599,66.86739377607095
data/dataset_5/val\Amelie_Mauresmo\Amelie_Mauresmo_0004.jpg,Amelie_Mauresmo,Amelie_Mauresmo,0.1451236456632614,1,20.243458257329063,9.414343046487256,7.6956964883389105,62.64650220784477
data/dataset_5/val\Amelie_Mauresmo\Amelie_Mauresmo_0008.jpg,Amelie_Mauresmo,Amelie_Mauresmo,0.3718613386154175,1,18.859461751625524,8.791278025144392,9.949190009484418,62.40007021374567
data/dataset_5/val\Amelie_Mauresmo\Amelie_Mauresmo_0009.jpg,Amelie_Mauresmo,Amelie_Mauresmo,0.2950211465358734,1,21.63090157623535,9.952553326613593,6.156655870172006,62.259889226979055
data/dataset_5/val\Amelie_Mauresmo\Amelie_Mauresmo_0021.jpg,Amelie_Mauresmo,Julie_Gerberding,0.06000184267759323,0,17.355779961828954,18.183134030403938,8.787436428457804,55.673649579309306
data/dataset_5/val\Ana_Guevara\Ana_Guevara_0001.jpg,Ana_Guevara,Gloria_Macapagal_Arroyo,0.15226538479328156,0,20.842957022809294,16.700064281954074,12.540144028948522,49.91683466628811
data/dataset_5/val\Ana_Guevara\Ana_Guevara_0006.jpg,Ana_Guevara,David_Beckham,0.13263076543807983,0,8.41467139820782,8.102593511506146,17.002292682868195,66.48044240741784
data/dataset_5/val\Ana_Palacio\Ana_Palacio_0001.jpg,Ana_Palacio,Jackie_Chan,0.02899988554418087,0,14.937912989604756,10.527807826061517,14.10253079523579,60.43174838909794
data/dataset_5/val\Ana_Palacio\Ana_Palacio_0002.jpg,Ana_Palacio,David_Beckham,0.08937469869852066,0,14.661983095883475,11.631265394094022,13.238759368978476,60.46799214104403
data/dataset_5/val\Andre_Agassi\Andre_Agassi_0002.jpg,Andre_Agassi,Andre_Agassi,0.14325812458992004,1,16.2744208697748,15.65361637875714,10.34496937081918,57.72699338064888
data/dataset_5/val\Andre_Agassi\Andre_Agassi_0004.jpg,Andre_Agassi,John_Negroponte,0.04779365658760071,0,9.973308026700167,13.666645028733269,21.011846679105084,55.34820026546148
data/dataset_5/val\Andre_Agassi\Andre_Agassi_0005.jpg,Andre_Agassi,Lindsay_Davenport,0.04301134869456291,0,21.725950765572488,17.15990003773536,9.408533612080548,51.70561558461161
data/dataset_5/val\Andre_Agassi\Andre_Agassi_0008.jpg,Andre_Agassi,Andre_Agassi,0.12195354700088501,1,15.126404749804665,17.45892121923223,14.10842730902993,53.30624672193317
data/dataset_5/val\Andre_Agassi\Andre_Agassi_0015.jpg,Andre_Agassi,Andre_Agassi,0.10034981369972229,1,19.94366443966028,19.612459510894304,9.614593896967788,50.82928215247763
data/dataset_5/val\Andre_Agassi\Andre_Agassi_0016.jpg,Andre_Agassi,Andre_Agassi,0.07471536844968796,1,20.674834777010798,12.747559194755402,5.959942135123787,60.61766389311001
data/dataset_5/val\Andre_Agassi\Andre_Agassi_0018.jpg,Andre_Agassi,Andre_Agassi,0.07289284467697144,1,19.656502185027165,9.838841486077218,8.302792471918432,62.201863856977184
data/dataset_5/val\Andre_Agassi\Andre_Agassi_0024.jpg,Andre_Agassi,Andre_Agassi,0.0697064995765686,1,18.858823058193405,18.31093095785327,8.427233061546543,54.40301292240679
data/dataset_5/val\Andy_Roddick\Andy_Roddick_0001.jpg,Andy_Roddick,Zinedine_Zidane,0.02015005052089691,0,11.769540649069354,12.213835082506089,15.472238347619438,60.54438592080512
data/dataset_5/val\Andy_Roddick\Andy_Roddick_0002.jpg,Andy_Roddick,Guillermo_Coria,0.07591927796602249,0,20.71765070078038,11.321945073684574,7.315827249615281,60.64457697591977
data/dataset_5/val\Andy_Roddick\Andy_Roddick_0011.jpg,Andy_Roddick,Lleyton_Hewitt,0.07112022489309311,0,22.67677755399342,10.391258879133561,8.725708793002209,58.20625477387081
data/dataset_5/val\Angela_Bassett\Angela_Bassett_0001.jpg,Angela_Bassett,Serena_Williams,0.07502054423093796,0,9.788801543594502,10.824667361080639,14.583981703197365,64.80254939212749
data/dataset_5/val\Angela_Bassett\Angela_Bassett_0006.jpg,Angela_Bassett,Arnold_Schwarzenegger,0.056443896144628525,0,18.666784332132362,8.52120712581066,7.958375768898102,64.85363277315888
data/dataset_5/val\Angela_Merkel\Angela_Merkel_0001.jpg,Angela_Merkel,Michael_Schumacher,0.14915233850479126,0,6.693179529020861,7.304499088288553,19.220398794078722,66.78192258861186
data/dataset_5/val\Angelina_Jolie\Angelina_Jolie_0001.jpg,Angelina_Jolie,Angelina_Jolie,0.35382315516471863,1,14.990100475698942,16.9290090567978,12.774138302180813,55.30675216532245
data/dataset_5/val\Angelina_Jolie\Angelina_Jolie_0004.jpg,Angelina_Jolie,Gloria_Macapagal_Arroyo,0.31594645977020264,0,20.841828924006972,17.204648961339753,8.090080120790082,53.86344199386319
data/dataset_5/val\Angelina_Jolie\Angelina_Jolie_0008.jpg,Angelina_Jolie,Luiz_Inacio_Lula_da_Silva,0.0899137556552887,0,14.400403852452412,15.063467427061711,14.558692886257397,55.97743583422848
data/dataset_5/val\Angelina_Jolie\Angelina_Jolie_0009.jpg,Angelina_Jolie,Angelina_Jolie,0.3456128239631653,1,17.687285929505737,19.41843803055012,10.360725924325337,52.53355011561881
data/dataset_5/val\Ann_Veneman\Ann_Veneman_0001.jpg,Ann_Veneman,Serena_Williams,0.044080138206481934,0,20.218710304845636,23.540570738731255,10.710609875896854,45.53010908052625
data/dataset_5/val\Ann_Veneman\Ann_Veneman_0002.jpg,Ann_Veneman,David_Beckham,0.04467371851205826,0,14.14483518609764,17.345159574994746,17.381897060901284,51.12810817800633
data/dataset_5/val\Ann_Veneman\Ann_Veneman_0011.jpg,Ann_Veneman,Jennifer_Capriati,0.06927359849214554,0,12.168411239657875,13.317145095304006,15.254374458666232,59.26006920637189
data/dataset_5/val\Anna_Kournikova\Anna_Kournikova_0001.jpg,Anna_Kournikova,Hans_Blix,0.04585980996489525,0,15.813696563310447,14.112822476280586,14.29897190829937,55.7745090521096
data/dataset_5/val\Anna_Kournikova\Anna_Kournikova_0002.jpg,Anna_Kournikova,Amelie_Mauresmo,0.07952661067247391,0,12.918113660744892,8.690166733667521,8.484482461651393,69.9072371439362
data/dataset_5/val\Anna_Kournikova\Anna_Kournikova_0011.jpg,Anna_Kournikova,Jennifer_Capriati,0.065451979637146,0,21.920089271552676,3.7994952746839807,1.424772893960861,72.85564255980248
data/dataset_5/val\Antonio_Banderas\Antonio_Banderas_0001.jpg,Antonio_Banderas,Serena_Williams,0.05228859931230545,0,16.829830863677937,14.420131034013957,9.955686174682498,58.794351927625605
data/dataset_5/val\Antonio_Palocci\Antonio_Palocci_0001.jpg,Antonio_Palocci,Michael_Schumacher,0.0518120713531971,0,18.021061059313833,19.982106820034684,14.215695329983033,47.78113679066845
data/dataset_5/val\Antonio_Palocci\Antonio_Palocci_0002.jpg,Antonio_Palocci,Colin_Powell,0.04815612733364105,0,8.427512528441161,3.949730181396083,20.79707592793755,66.82568136222521
data/dataset_5/val\Ari_Fleischer\Ari_Fleischer_0001.jpg,Ari_Fleischer,Jacques_Chirac,0.03679855912923813,0,16.13900470394249,15.63198108731519,7.70884840284117,60.52016580590115
data/dataset_5/val\Ari_Fleischer\Ari_Fleischer_0002.jpg,Ari_Fleischer,Condoleezza_Rice,0.037105221301317215,0,18.98136647075554,14.900717594097584,12.103644792345152,54.014271142801725
data/dataset_5/val\Ari_Fleischer\Ari_Fleischer_0011.jpg,Ari_Fleischer,Ari_Fleischer,0.10484540462493896,1,18.011295231041792,14.814424733986426,8.010224556158585,59.1640554788132
data/dataset_5/val\Ariel_Sharon\Ariel_Sharon_0004.jpg,Ariel_Sharon,John_Negroponte,0.10018158704042435,0,11.942562112244222,14.225275583331163,17.986210593336736,55.84595171108788
data/dataset_5/val\Ariel_Sharon\Ariel_Sharon_0005.jpg,Ariel_Sharon,Lucio_Gutierrez,0.04589124768972397,0,6.940016268973295,10.234041550073512,21.443857819430328,61.382084361522864
data/dataset_5/val\Ariel_Sharon\Ariel_Sharon_0012.jpg,Ariel_Sharon,Jacques_Chirac,0.05371878668665886,0,12.8667327019697,15.157098403864458,16.40769856389608,55.56847033026976
data/dataset_5/val\Ariel_Sharon\Ariel_Sharon_0014.jpg,Ariel_Sharon,Ariel_Sharon,0.05818619579076767,1,0.0,2.300278695866535,17.95300467449321,79.74671662964025
data/dataset_5/val\Ariel_Sharon\Ariel_Sharon_0015.jpg,Ariel_Sharon,Ariel_Sharon,0.2299390286207199,1,9.77305798148459,8.642250613852982,11.145994139174986,70.43869726548745
data/dataset_5/val\Ariel_Sharon\Ariel_Sharon_0018.jpg,Ariel_Sharon,Andre_Agassi,0.051221493631601334,0,18.83765168309804,14.937052093763945,6.632698819177316,59.592597403960696
data/dataset_5/val\Ariel_Sharon\Ariel_Sharon_0028.jpg,Ariel_Sharon,Kofi_Annan,0.04076845198869705,0,21.334510158646477,14.551463136845477,6.369806040130614,57.74422066437744
data/dataset_5/val\Ariel_Sharon\Ariel_Sharon_0029.jpg,Ariel_Sharon,Gunter_Pleuger,0.03620748594403267,0,21.77987482558112,14.969129487411923,7.1030624622379825,56.14793322476897
data/dataset_5/val\Ariel_Sharon\Ariel_Sharon_0032.jpg,Ariel_Sharon,Juan_Carlos_Ferrero,0.024248668923974037,0,23.057524745995014,15.220390290651984,6.431072159895702,55.2910128034573
data/dataset_5/val\Ariel_Sharon\Ariel_Sharon_0033.jpg,Ariel_Sharon,Queen_Elizabeth_II,0.024662785232067108,0,14.072791689977945,5.522450659125822,4.42745123127636,75.97730641961988
data/dataset_5/val\Ariel_Sharon\Ariel_Sharon_0036.jpg,Ariel_Sharon,Jacques_Chirac,0.043228015303611755,0,17.506263250688573,5.2033767053528805,2.9425297766582017,74.34783026730035
data/dataset_5/val\Ariel_Sharon\Ariel_Sharon_0055.jpg,Ariel_Sharon,Ariel_Sharon,0.0649363324046135,1,13.996725935695169,11.552440261255613,6.202446452234711,68.24838735081451
data/dataset_5/val\Ariel_Sharon\Ariel_Sharon_0069.jpg,Ariel_Sharon,Jacques_Chirac,0.035925205796957016,0,13.55019909057109,2.9444449291569774,1.7145294964566,81.79082648381534
data/dataset_5/val\Ariel_Sharon\Ariel_Sharon_0070.jpg,Ariel_Sharon,Kofi_Annan,0.03748786821961403,0,17.14942678309303,16.34841419006174,10.913932957911946,55.58822606893329
data/dataset_5/val\Ariel_Sharon\Ariel_Sharon_0076.jpg,Ariel_Sharon,Ariel_Sharon,0.022339163348078728,1,9.618676978343396,1.5354585754075032,4.451226475937115,84.39463797031199
data/dataset_5/val\Ariel_Sharon\Ariel_Sharon_0077.jpg,Ariel_Sharon,Ariel_Sharon,0.18914107978343964,1,4.141255920548175,4.04367828155074,14.263691021401057,77.55137477650003
data/dataset_5/val\Arminio_Fraga\Arminio_Fraga_0001.jpg,Arminio_Fraga,Laura_Bush,0.22540266811847687,0,15.475541870124834,17.561662383596968,13.737055955703207,53.22573979057499
data/dataset_5/val\Arminio_Fraga\Arminio_Fraga_0006.jpg,Arminio_Fraga,Gloria_Macapagal_Arroyo,0.07892539352178574,0,21.5004101091859,13.163092874967488,5.669179238470021,59.66731777737659
data/dataset_5/val\Arnold_Schwarzenegger\Arnold_Schwarzenegger_0002.jpg,Arnold_Schwarzenegger,Arnold_Schwarzenegger,0.5020156502723694,1,13.286968724870144,10.301949329272777,15.318321449470893,61.092760496386184
data/dataset_5/val\Arnold_Schwarzenegger\Arnold_Schwarzenegger_0006.jpg,Arnold_Schwarzenegger,Steve_Nash,0.03269577771425247,0,18.76015925177691,14.694819926420026,8.37874376010202,58.166277061701045
data/dataset_5/val\Arnold_Schwarzenegger\Arnold_Schwarzenegger_0007.jpg,Arnold_Schwarzenegger,Arnold_Schwarzenegger,0.053122349083423615,1,7.764865448538373,8.521712279012965,17.32020682281116,66.39321544963751
data/dataset_5/val\Arnold_Schwarzenegger\Arnold_Schwarzenegger_0008.jpg,Arnold_Schwarzenegger,Lindsay_Davenport,0.03755129501223564,0,15.653802656349809,17.32381494169783,11.367135930109503,55.65524647184286
data/dataset_5/val\Arnold_Schwarzenegger\Arnold_Schwarzenegger_0009.jpg,Arnold_Schwarzenegger,Lindsay_Davenport,0.05445511266589165,0,19.681942294007698,15.522981202555426,7.284073536765101,57.511002966671775
data/dataset_5/val\Arnold_Schwarzenegger\Arnold_Schwarzenegger_0015.jpg,Arnold_Schwarzenegger,David_Beckham,0.02687619999051094,0,10.191673168849732,12.648209752501668,19.288244787915346,57.87187229073325
data/dataset_5/val\Arnold_Schwarzenegger\Arnold_Schwarzenegger_0016.jpg,Arnold_Schwarzenegger,Arnold_Schwarzenegger,0.36806410551071167,1,16.831800573653066,15.7255192820462,14.810276678551489,52.63240346574925
data/dataset_5/val\Arnold_Schwarzenegger\Arnold_Schwarzenegger_0018.jpg,Arnold_Schwarzenegger,Gerhard_Schroeder,0.05231381580233574,0,22.817264171336923,8.62311537064394,3.5428041073102485,65.01681635070888
data/dataset_5/val\Arnold_Schwarzenegger\Arnold_Schwarzenegger_0041.jpg,Arnold_Schwarzenegger,Arnold_Schwarzenegger,0.18284136056900024,1,16.732152426194727,11.930864842701881,12.623448358219724,58.71353437288367
data/dataset_5/val\Arnoldo_Aleman\Arnoldo_Aleman_0001.jpg,Arnoldo_Aleman,Mahathir_Mohamad,0.042311009019613266,0,11.804453536705358,14.223963547578135,16.85050807942909,57.12107483628741
data/dataset_5/val\Ashanti\Ashanti_0001.jpg,Ashanti,Serena_Williams,0.10185051709413528,0,6.739337438834331,8.405154780477902,21.40517792833483,63.45032985235294
data/dataset_5/val\Atal_Bihari_Vajpayee\Atal_Bihari_Vajpayee_0001.jpg,Atal_Bihari_Vajpayee,Atal_Bihari_Vajpayee,0.1349138766527176,1,20.447044009706246,2.931478073230756,10.99551804519777,65.62595987186523
data/dataset_5/val\Atal_Bihari_Vajpayee\Atal_Bihari_Vajpayee_0004.jpg,Atal_Bihari_Vajpayee,Cruz_Bustamante,0.03311154618859291,0,10.64178152482509,13.223315754588066,17.46687301453436,58.66802970605248
data/dataset_5/val\Atal_Bihari_Vajpayee\Atal_Bihari_Vajpayee_0008.jpg,Atal_Bihari_Vajpayee,Gerhard_Schroeder,0.051119331270456314,0,23.6638686616154,14.205308644714576,5.754507341545288,56.37631535212474
data/dataset_5/val\Atal_Bihari_Vajpayee\Atal_Bihari_Vajpayee_0009.jpg,Atal_Bihari_Vajpayee,Nicole_Kidman,0.02805161476135254,0,7.485526806411513,9.434454150776414,19.96211257419957,63.1179064686125
data/dataset_5/val\Atal_Bihari_Vajpayee\Atal_Bihari_Vajpayee_0021.jpg,Atal_Bihari_Vajpayee,Hans_Blix,0.051885783672332764,0,14.827580721929348,13.580534251269064,13.263540347372404,58.328344679429186
data/dataset_5/val\Ben_Affleck\Ben_Affleck_0001.jpg,Ben_Affleck,Jennifer_Capriati,0.04342973232269287,0,18.818287377578333,10.012739297573159,6.877479157540032,64.29149416730847
data/dataset_5/val\Ben_Affleck\Ben_Affleck_0006.jpg,Ben_Affleck,Rubens_Barrichello,0.05460279807448387,0,10.87289083338471,11.720906649679812,15.078323584679781,62.3278789322557
data/dataset_5/val\Benazir_Bhutto\Benazir_Bhutto_0001.jpg,Benazir_Bhutto,Jennifer_Capriati,0.07985564321279526,0,20.126562070362937,5.066070415231097,9.041326860093877,65.76604065431209
data/dataset_5/val\Benjamin_Netanyahu\Benjamin_Netanyahu_0001.jpg,Benjamin_Netanyahu,Michael_Schumacher,0.16910095512866974,0,20.14414627312087,12.124679348904806,5.5085974450947734,62.22257693287955
data/dataset_5/val\Bernard_Law\Bernard_Law_0001.jpg,Bernard_Law,Hans_Blix,0.09537454694509506,0,21.848274394378176,11.916929864940073,5.015829326681507,61.21896641400024
data/dataset_5/val\Bertie_Ahern\Bertie_Ahern_0001.jpg,Bertie_Ahern,Michael_Schumacher,0.10779173672199249,0,18.87116171100783,16.13973422422974,10.770923244168984,54.218180820593446
data/dataset_5/val\Bill_Clinton\Bill_Clinton_0001.jpg,Bill_Clinton,Bill_Clinton,0.06354431807994843,1,10.684823115212989,13.343888238021453,17.32033530703159,58.65095333973397
data/dataset_5/val\Bill_Clinton\Bill_Clinton_0004.jpg,Bill_Clinton,Bill_Clinton,0.1943035125732422,1,10.38789586957357,12.726580903925681,21.282074208133754,55.603449018366994
data/dataset_5/val\Bill_Clinton\Bill_Clinton_0008.jpg,Bill_Clinton,John_Ashcroft,0.08926355093717575,0,11.72688472796391,12.969868744266508,16.81955409852325,58.48369242924633
data/dataset_5/val\Bill_Clinton\Bill_Clinton_0009.jpg,Bill_Clinton,Michael_Schumacher,0.15535442531108856,0,11.95879619110448,13.317513256183325,15.607575312510376,59.11611524020182
data/dataset_5/val\Bill_Clinton\Bill_Clinton_0021.jpg,Bill_Clinton,Junichiro_Koizumi,0.04237845540046692,0,26.05078072461458,1.850559346747726,2.1743367107217675,69.92432321791593
data/dataset_5/val\Bill_Clinton\Bill_Clinton_0024.jpg,Bill_Clinton,Madonna,0.044326040893793106,0,16.341020645367553,10.112716248022542,14.557528204842503,58.9887349017674
data/dataset_5/val\Bill_Frist\Bill_Frist_0001.jpg,Bill_Frist,Tom_Ridge,0.047701191157102585,0,20.269262894076586,10.731885644053909,7.770562231857508,61.228289230011995
data/dataset_5/val\Bill_Frist\Bill_Frist_0002.jpg,Bill_Frist,Junichiro_Koizumi,0.06252697110176086,0,18.781717672122856,6.076872535243416,7.20986279750585,67.93154699512787
data/dataset_5/val\Bill_Gates\Bill_Gates_0001.jpg,Bill_Gates,Tom_Ridge,0.04260856285691261,0,19.737132339958233,14.602838229732969,6.577619621102559,59.08240980920624
data/dataset_5/val\Bill_Gates\Bill_Gates_0004.jpg,Bill_Gates,Junichiro_Koizumi,0.0774940475821495,0,21.863962168844346,7.934500342542865,6.534856755004118,63.66668073360867
data/dataset_5/val\Bill_Gates\Bill_Gates_0005.jpg,Bill_Gates,Hans_Blix,0.026069119572639465,0,10.010292457981674,11.201776391646566,15.69364509383779,63.09428605653397
data/dataset_5/val\Bill_Gates\Bill_Gates_0012.jpg,Bill_Gates,Antonio_Palocci,0.027103696018457413,0,12.683556174332388,13.941136483160932,17.45057307259152,55.924734269915156
data/dataset_5/val\Bill_Graham\Bill_Graham_0001.jpg,Bill_Graham,Guillermo_Coria,0.03162658214569092,0,23.897098650334133,2.461022536043462,2.114203905095255,71.52767490852715
data/dataset_5/val\Bill_Graham\Bill_Graham_0002.jpg,Bill_Graham,Vladimir_Putin,0.06997668743133545,0,17.34415331790177,15.415546034621897,15.46687539773082,51.773425249745515
data/dataset_5/val\Bill_McBride\Bill_McBride_0001.jpg,Bill_McBride,Naomi_Watts,0.06407823413610458,0,18.953643856338246,12.829500145121349,10.063942627994205,58.1529133705462
data/dataset_5/val\Bill_McBride\Bill_McBride_0002.jpg,Bill_McBride,Michael_Schumacher,0.03635719418525696,0,13.319743269634289,14.35983458142931,12.360098093515473,59.96032405542093
data/dataset_5/val\Bill_Simon\Bill_Simon_0001.jpg,Bill_Simon,Jennifer_Aniston,0.04696720838546753,0,22.692693855900107,12.827065819680042,5.3876124222090835,59.092627902210765
data/dataset_5/val\Bill_Simon\Bill_Simon_0002.jpg,Bill_Simon,Ron_Dittemore,0.02684994973242283,0,8.007637022044419,10.416277837626149,19.869140661570174,61.70694447875926
data/dataset_5/val\Bill_Simon\Bill_Simon_0011.jpg,Bill_Simon,Bill_Gates,0.056917376816272736,0,21.89955847614998,15.329105667563688,8.332944686518958,54.43839116976737
data/dataset_5/val\Billy_Crystal\Billy_Crystal_0001.jpg,Billy_Crystal,Jose_Maria_Aznar,0.05286278948187828,0,9.069720346975258,11.505039353257143,22.9710041505144,56.4542361492532
data/dataset_5/val\Billy_Crystal\Billy_Crystal_0006.jpg,Billy_Crystal,Fidel_Castro,0.0774771198630333,0,10.145207802567166,10.369945609921512,22.800272923209604,56.684573664301716
data/dataset_5/val\Binyamin_Ben-Eliezer\Binyamin_Ben-Eliezer_0001.jpg,Binyamin_Ben-Eliezer,Binyamin_Ben-Eliezer,0.06647391617298126,1,20.94812205604092,13.802076832262518,7.440738025544424,57.80906308615214
data/dataset_5/val\Binyamin_Ben-Eliezer\Binyamin_Ben-Eliezer_0006.jpg,Binyamin_Ben-Eliezer,Hugo_Chavez,0.07984426617622375,0,13.486195188451806,10.80441228834027,18.1958846064041,57.513507916803825
data/dataset_5/val\Bob_Graham\Bob_Graham_0001.jpg,Bob_Graham,Julianne_Moore,0.030784161761403084,0,9.677605529333865,12.598350246859875,17.855395503576286,59.86864872022997
data/dataset_5/val\Bob_Graham\Bob_Graham_0006.jpg,Bob_Graham,George_W_Bush,0.03052164427936077,0,0.0,1.201725405160535,11.892479587783859,86.9057950070556
data/dataset_5/val\Bob_Hope\Bob_Hope_0001.jpg,Bob_Hope,George_Robertson,0.03737170249223709,0,18.832044906845848,15.758863936890421,7.495159487990391,57.91393166827334
data/dataset_5/val\Bob_Hope\Bob_Hope_0002.jpg,Bob_Hope,Tiger_Woods,0.08526191860437393,0,9.447539256615682,11.003711868113726,18.67887888120987,60.86986999406072
data/dataset_5/val\Bob_Stoops\Bob_Stoops_0001.jpg,Bob_Stoops,Gerhard_Schroeder,0.08690488338470459,0,12.621013132066874,14.521566223306305,15.975419673133743,56.88200097149308
data/dataset_5/val\Bob_Stoops\Bob_Stoops_0006.jpg,Bob_Stoops,Tim_Henman,0.1987306773662567,0,12.158137885371163,10.6750773242509,19.228630339082773,57.93815445129516
data/dataset_5/val\Boris_Becker\Boris_Becker_0001.jpg,Boris_Becker,Boris_Becker,0.028123127296566963,1,17.077775267498637,6.592705179210335,9.13739242386796,67.19212712942306
data/dataset_5/val\Boris_Becker\Boris_Becker_0006.jpg,Boris_Becker,John_Paul_II,0.03807291015982628,0,19.185880412429025,2.4435346629805768,6.313936065997101,72.05664885859329
data/dataset_5/val\Brad_Johnson\Brad_Johnson_0001.jpg,Brad_Johnson,Juan_Carlos_Ferrero,0.11458297818899155,0,20.85747401588471,9.67056977688772,4.192095781829263,65.27986042539831
data/dataset_5/val\Britney_Spears\Britney_Spears_0001.jpg,Britney_Spears,Meryl_Streep,0.04350036755204201,0,18.6392748399519,18.22213830217253,8.928699342549715,54.20988751532585
data/dataset_5/val\Britney_Spears\Britney_Spears_0002.jpg,Britney_Spears,Hans_Blix,0.07510267198085785,0,20.504186825348828,16.608760579848045,8.130281995801308,54.75677059900182
data/dataset_5/val\Britney_Spears\Britney_Spears_0011.jpg,Britney_Spears,Jennifer_Capriati,0.1680857390165329,0,11.929594863307587,5.620003503176696,11.43825419951425,71.01214743400146
data/dataset_5/val\Bulent_Ecevit\Bulent_Ecevit_0001.jpg,Bulent_Ecevit,Bulent_Ecevit,0.04508453235030174,1,12.936725826183935,9.377392138375514,17.73710220835385,59.9487798270867
data/dataset_5/val\Bulent_Ecevit\Bulent_Ecevit_0006.jpg,Bulent_Ecevit,Julie_Gerberding,0.04405093938112259,0,26.873333421931836,3.856142328604775,1.2262592381773034,68.04426501128609
data/dataset_5/val\Calista_Flockhart\Calista_Flockhart_0001.jpg,Calista_Flockhart,Igor_Ivanov,0.0581107921898365,0,7.8084131819000335,7.202024859243341,20.2979471291226,64.69161482973402
data/dataset_5/val\Calista_Flockhart\Calista_Flockhart_0006.jpg,Calista_Flockhart,Igor_Ivanov,0.11007098108530045,0,14.494655986013859,11.754968198275785,18.4842579516976,55.266117864012756
data/dataset_5/val\Cameron_Diaz\Cameron_Diaz_0001.jpg,Cameron_Diaz,Junichiro_Koizumi,0.031754158437252045,0,18.29157395899482,18.746766828327292,16.089348927034003,46.872310285643884
data/dataset_5/val\Cameron_Diaz\Cameron_Diaz_0006.jpg,Cameron_Diaz,Edward_Lu,0.03644001856446266,0,20.353961088616995,12.764084226666107,6.869304007966352,60.012650676750546
data/dataset_5/val\Carla_Del_Ponte\Carla_Del_Ponte_0001.jpg,Carla_Del_Ponte,Hillary_Clinton,0.025819206610322,0,6.052144801131221,6.848455389593042,24.05430148822399,63.045098321051746
data/dataset_5/val\Carlos_Menem\Carlos_Menem_0001.jpg,Carlos_Menem,Carlos_Menem,0.08426549285650253,1,14.426378473330287,13.890449866267067,13.92832775569529,57.75484390470736
data/dataset_5/val\Carlos_Menem\Carlos_Menem_0004.jpg,Carlos_Menem,Eduardo_Duhalde,0.04320254176855087,0,5.0600421123723605,6.884614919219443,23.30525379177464,64.75008917663357
data/dataset_5/val\Carlos_Menem\Carlos_Menem_0008.jpg,Carlos_Menem,Joe_Lieberman,0.06303709000349045,0,18.698387969430467,16.354769757974754,8.506425373390902,56.440416899203875
data/dataset_5/val\Carlos_Menem\Carlos_Menem_0009.jpg,Carlos_Menem,Charles_Moose,0.05968598276376724,0,5.0869847628155425,0.9408354008556185,7.854022154947966,86.11815768138088
data/dataset_5/val\Carlos_Menem\Carlos_Menem_0021.jpg,Carlos_Menem,George_W_Bush,0.16050469875335693,0,10.427759102029563,1.5938608397103526,8.880130438217963,79.09824962004213
data/dataset_5/val\Carlos_Moya\Carlos_Moya_0001.jpg,Carlos_Moya,Ariel_Sharon,0.051207106560468674,0,15.726074556436119,12.327656556671743,17.648757538998467,54.29751134789367
data/dataset_5/val\Carlos_Moya\Carlos_Moya_0004.jpg,Carlos_Moya,Michael_Bloomberg,0.027541715651750565,0,16.558660438649987,8.864159399931253,12.323042084033684,62.25413807738507
data/dataset_5/val\Carlos_Moya\Carlos_Moya_0008.jpg,Carlos_Moya,Juan_Carlos_Ferrero,0.055019717663526535,0,17.651694519341493,17.92859119903545,8.47337459691584,55.94633968470722
data/dataset_5/val\Carlos_Moya\Carlos_Moya_0009.jpg,Carlos_Moya,Ariel_Sharon,0.061262354254722595,0,16.930168812651758,1.7981619998866634,6.373641428555061,74.89802775890652
data/dataset_5/val\Carmen_Electra\Carmen_Electra_0001.jpg,Carmen_Electra,Jacques_Chirac,0.03649403527379036,0,11.754093515768167,17.346523144035338,27.56960268389351,43.32978065630299
data/dataset_5/val\Carmen_Electra\Carmen_Electra_0006.jpg,Carmen_Electra,Jennifer_Capriati,0.08287875354290009,0,6.7747720635196576,7.825430624353649,21.32189044831231,64.07790686381438
data/dataset_5/val\Carrie-Anne_Moss\Carrie-Anne_Moss_0001.jpg,Carrie-Anne_Moss,Junichiro_Koizumi,0.03891517221927643,0,17.724925086265607,18.15446621049358,10.992073045937769,53.12853565730305
data/dataset_5/val\Catherine_Deneuve\Catherine_Deneuve_0001.jpg,Catherine_Deneuve,Jennifer_Capriati,0.038522869348526,0,11.55406549092151,2.3658287690333517,7.848722334594409,78.23138340545073
data/dataset_5/val\Catherine_Zeta-Jones\Catherine_Zeta-Jones_0001.jpg,Catherine_Zeta-Jones,Jacques_Chirac,0.08603991568088531,0,21.621645629810804,16.44989444600601,8.367409047490316,53.561050876692875
data/dataset_5/val\Catherine_Zeta-Jones\Catherine_Zeta-Jones_0002.jpg,Catherine_Zeta-Jones,Jacques_Chirac,0.15906061232089996,0,21.236949716975776,16.435693054217438,9.090790728642427,53.23656650016436
data/dataset_5/val\Catherine_Zeta-Jones\Catherine_Zeta-Jones_0011.jpg,Catherine_Zeta-Jones,Jennifer_Capriati,0.040843263268470764,0,10.908595836146253,2.042005576791954,7.532508141372046,79.51689044568975
data/dataset_5/val\Celine_Dion\Celine_Dion_0001.jpg,Celine_Dion,Colin_Powell,0.09240730851888657,0,16.80204028827394,18.729969644061665,12.375608217749493,52.0923818499149
data/dataset_5/val\Celine_Dion\Celine_Dion_0002.jpg,Celine_Dion,Meryl_Streep,0.06793767958879471,0,17.05740197137267,9.6944567311371,7.98181588625837,65.26632541123186
data/dataset_5/val\Cesar_Gaviria\Cesar_Gaviria_0001.jpg,Cesar_Gaviria,Joschka_Fischer,0.02309023216366768,0,26.320079020939037,5.87591590153252,1.9287738075134637,65.87523127001498
data/dataset_5/val\Cesar_Gaviria\Cesar_Gaviria_0002.jpg,Cesar_Gaviria,Jiri_Novak,0.036959871649742126,0,21.273528800095892,10.514268751564993,4.9243093642714335,63.28789308406768
data/dataset_5/val\Chanda_Rubin\Chanda_Rubin_0001.jpg,Chanda_Rubin,Serena_Williams,0.16151323914527893,0,9.974693833764347,10.845142625815363,19.665005495160823,59.51515804525947
data/dataset_5/val\Charles_Moose\Charles_Moose_0001.jpg,Charles_Moose,Colin_Powell,0.14996479451656342,0,11.22585271937884,8.79877115228397,17.617143805419232,62.35823232291796
data/dataset_5/val\Charles_Moose\Charles_Moose_0002.jpg,Charles_Moose,Tim_Henman,0.07203222811222076,0,17.126272838899304,10.9872730012166,13.285922610267425,58.60053154961667
data/dataset_5/val\Charles_Moose\Charles_Moose_0011.jpg,Charles_Moose,Colin_Powell,0.5233064293861389,0,17.029978898650025,15.10091243545467,12.199944004455567,55.66916466143974
data/dataset_5/val\Charles_Taylor\Charles_Taylor_0001.jpg,Charles_Taylor,Colin_Powell,0.30895552039146423,0,16.409942875695695,14.29730523295764,16.614177563208955,52.678574328137714
data/dataset_5/val\Charles_Taylor\Charles_Taylor_0002.jpg,Charles_Taylor,Nicole_Kidman,0.09952381253242493,0,20.10946343023788,17.346136110204466,7.923094351003437,54.621306108554215
data/dataset_5/val\Charlton_Heston\Charlton_Heston_0001.jpg,Charlton_Heston,Paul_Bremer,0.019238462671637535,0,6.893699538857135,9.0702356665768,20.936545238145904,63.09951955642016
data/dataset_5/val\Charlton_Heston\Charlton_Heston_0006.jpg,Charlton_Heston,Vicente_Fox,0.016918998211622238,0,14.85386544887084,2.891160918841504,13.752323081632282,68.50265055065537
data/dataset_5/val\Chen_Shui-bian\Chen_Shui-bian_0001.jpg,Chen_Shui-bian,Kim_Ryong-sung,0.1251230537891388,0,19.44554673714215,18.716168567032224,11.428754435199592,50.40953026062604
data/dataset_5/val\Choi_Sung-hong\Choi_Sung-hong_0001.jpg,Choi_Sung-hong,Tom_Ridge,0.08292245119810104,0,15.75619605318367,16.47843500209504,10.160514222336934,57.60485472238436
data/dataset_5/val\Christine_Baumgartner\Christine_Baumgartner_0001.jpg,Christine_Baumgartner,Naomi_Watts,0.0636366680264473,0,19.191980491260395,7.593772343333657,6.378758554959882,66.83548861044606
data/dataset_5/val\Christine_Todd_Whitman\Christine_Todd_Whitman_0001.jpg,Christine_Todd_Whitman,Jennifer_Aniston,0.08211249113082886,0,21.446938645341298,13.107898137618308,5.945714563166643,59.49944865387375
data/dataset_5/val\Christine_Todd_Whitman\Christine_Todd_Whitman_0006.jpg,Christine_Todd_Whitman,Lindsay_Davenport,0.07967191934585571,0,11.500276927400177,14.848821719484965,18.62922564308928,55.021675710025576
data/dataset_5/val\Ciro_Gomes\Ciro_Gomes_0001.jpg,Ciro_Gomes,Maria_Shriver,0.051886435598134995,0,20.391335601279025,16.801016690451533,8.27207161677446,54.53557609149498
data/dataset_5/val\Clara_Harris\Clara_Harris_0001.jpg,Clara_Harris,Igor_Ivanov,0.040740299969911575,0,16.605431415563487,17.93008866682972,11.561722061679532,53.902757855927256
data/dataset_5/val\Claudia_Pechstein\Claudia_Pechstein_0001.jpg,Claudia_Pechstein,Meryl_Streep,0.04640801623463631,0,19.29684038358422,7.192086880204803,8.340618184222219,65.17045455198875
data/dataset_5/val\Clay_Aiken\Clay_Aiken_0001.jpg,Clay_Aiken,John_Ashcroft,0.04493285343050957,0,18.396957076721957,17.37796430453361,9.374665164961524,54.85041345378291
data/dataset_5/val\Clay_Aiken\Clay_Aiken_0006.jpg,Clay_Aiken,Igor_Ivanov,0.05961160361766815,0,15.828230345738508,16.93320463388846,15.976876637104834,51.26168838326819
data/dataset_5/val\Clint_Eastwood\Clint_Eastwood_0001.jpg,Clint_Eastwood,Tom_Daschle,0.02694293111562729,0,30.545476253277148,10.282285291581813,7.1494878422697035,52.022750612871334
data/dataset_5/val\Clint_Eastwood\Clint_Eastwood_0006.jpg,Clint_Eastwood,Vladimir_Putin,0.05285568907856941,0,19.278729614573553,20.606004002897826,12.525472766212928,47.589793616315696
data/dataset_5/val\Colin_Farrell\Colin_Farrell_0001.jpg,Colin_Farrell,Colin_Farrell,0.0348031148314476,1,3.362155916976489,4.166730842965214,20.66112572440309,71.80998751565521
data/dataset_5/val\Colin_Farrell\Colin_Farrell_0002.jpg,Colin_Farrell,Luiz_Inacio_Lula_da_Silva,0.039025891572237015,0,9.705310495673386,10.407200553548769,19.21829777780269,60.669191172975154
data/dataset_5/val\Colin_Montgomerie\Colin_Montgomerie_0001.jpg,Colin_Montgomerie,Michael_Schumacher,0.050924431532621384,0,14.736824534811218,15.63250699638491,11.654138577131926,57.976529891671944
data/dataset_5/val\Colin_Powell\Colin_Powell_0002.jpg,Colin_Powell,Colin_Powell,0.3660861551761627,1,19.306899195493525,2.6095998519533206,7.770667517129336,70.31283343542383
data/dataset_5/val\Colin_Powell\Colin_Powell_0007.jpg,Colin_Powell,Colin_Powell,0.23552997410297394,1,10.902752490206883,3.53424187280456,19.19444694110627,66.36855869588229
data/dataset_5/val\Colin_Powell\Colin_Powell_0008.jpg,Colin_Powell,Lindsay_Davenport,0.023449061438441277,0,18.110109347416834,18.472158716323918,8.689431426156627,54.72830051010262
data/dataset_5/val\Colin_Powell\Colin_Powell_0009.jpg,Colin_Powell,Colin_Powell,0.3148212134838104,1,22.664512041481533,18.25825464377182,8.80278518627681,50.274448128469835
data/dataset_5/val\Colin_Powell\Colin_Powell_0023.jpg,Colin_Powell,Colin_Powell,0.048816386610269547,1,0.7272769029664126,4.914452586605108,30.0379398080123,64.32033070241617
data/dataset_5/val\Colin_Powell\Colin_Powell_0024.jpg,Colin_Powell,Colin_Powell,0.18710267543792725,1,18.491506441646322,6.1121420500434125,4.702481140148363,70.6938703681619
data/dataset_5/val\Colin_Powell\Colin_Powell_0027.jpg,Colin_Powell,Colin_Powell,0.8406615853309631,1,17.066614731221332,14.792285687450306,15.55217304757079,52.58892653375757
data/dataset_5/val\Colin_Powell\Colin_Powell_0029.jpg,Colin_Powell,Colin_Powell,0.756550669670105,1,14.341697133337805,16.046817187136213,17.863316434885935,51.748169244640046
data/dataset_5/val\Colin_Powell\Colin_Powell_0036.jpg,Colin_Powell,Colin_Powell,0.4370095431804657,1,21.86873811364273,17.245655759660956,13.216222203733748,47.66938392296257
data/dataset_5/val\Colin_Powell\Colin_Powell_0040.jpg,Colin_Powell,Colin_Powell,0.9362980723381042,1,13.113994480416407,13.75016138770051,17.51989540703223,55.61594872485085
data/dataset_5/val\Colin_Powell\Colin_Powell_0041.jpg,Colin_Powell,Colin_Powell,0.6760737299919128,1,16.798272074956465,16.673568981613275,15.445313925861495,51.082845017568765
data/dataset_5/val\Colin_Powell\Colin_Powell_0051.jpg,Colin_Powell,Colin_Powell,0.7656538486480713,1,12.283650865618238,11.421272055607027,23.714189246248235,52.5808878325265
data/dataset_5/val\Colin_Powell\Colin_Powell_0056.jpg,Colin_Powell,Colin_Powell,0.8947885632514954,1,14.621332054066883,12.206863981270997,14.268268963666014,58.90353500099611
data/dataset_5/val\Colin_Powell\Colin_Powell_0057.jpg,Colin_Powell,Colin_Powell,0.7528344988822937,1,19.45783424930831,16.05470628635622,17.16239019029896,47.32506927403651
data/dataset_5/val\Colin_Powell\Colin_Powell_0058.jpg,Colin_Powell,Colin_Powell,0.5555580258369446,1,17.47375483701214,9.394240135396776,15.751463470963689,57.38054155662739
data/dataset_5/val\Colin_Powell\Colin_Powell_0060.jpg,Colin_Powell,Colin_Powell,0.8085100054740906,1,11.448400578996514,11.045718070695502,18.20451406121971,59.301367289088276
data/dataset_5/val\Colin_Powell\Colin_Powell_0063.jpg,Colin_Powell,Colin_Powell,0.7001720070838928,1,20.407586964824336,17.29684828816153,18.37654442761465,43.919020319399486
data/dataset_5/val\Colin_Powell\Colin_Powell_0071.jpg,Colin_Powell,Colin_Powell,0.08306367695331573,1,11.390478397357567,4.493750563674019,24.24021886497077,59.87555217399764
data/dataset_5/val\Colin_Powell\Colin_Powell_0072.jpg,Colin_Powell,Colin_Powell,0.6855817437171936,1,18.81712436355216,13.405708388198857,11.251479405764162,56.52568784248482
