imagem,real,pred,confidence,correta,olhos,nariz,boca,fundo
data_recortado/dataset_5_recortado/val\Abdullah_Gul\Abdullah_Gul_0001.jpg,Abdullah_Gul,Abdullah_Gul,0.9404026865959167,1,11.288936469154695,10.394480973664006,21.41818069882595,56.89840185835535
data_recortado/dataset_5_recortado/val\Abdullah_Gul\Abdullah_Gul_0004.jpg,Abdullah_Gul,Abdullah_Gul,0.9762417078018188,1,9.103091176293928,10.981306535389933,21.97009968783046,57.94550260048568
data_recortado/dataset_5_recortado/val\Abdullah_Gul\Abdullah_Gul_0008.jpg,Abdullah_Gul,Abdullah_Gul,0.966995120048523,1,9.374063380614585,10.699870856279295,22.19999254437959,57.726073218726526
data_recortado/dataset_5_recortado/val\Abdullah_Gul\Abdullah_Gul_0009.jpg,Abdullah_Gul,Abdullah_Gul,0.8689450621604919,1,12.490752473664973,12.883118120330654,20.79274094430794,53.83338846169643
data_recortado/dataset_5_recortado/val\Adrien_Brody\Adrien_Brody_0001.jpg,Adrien_Brody,Adrien_Brody,0.4940411448478699,1,16.0149060068687,13.833805522603463,14.360961507259754,55.790326963268086
data_recortado/dataset_5_recortado/val\Adrien_Brody\Adrien_Brody_0002.jpg,Adrien_Brody,Adrien_Brody,0.423438161611557,1,19.94175418013838,11.407244694508082,7.26454271370925,61.38645841164429
data_recortado/dataset_5_recortado/val\Adrien_Brody\Adrien_Brody_0011.jpg,Adrien_Brody,Adrien_Brody,0.39280372858047485,1,15.774457428584254,8.126444483343809,16.95812786085304,59.1409702272189
data_recortado/dataset_5_recortado/val\Ahmed_Chalabi\Ahmed_Chalabi_0001.jpg,Ahmed_Chalabi,Ahmed_Chalabi,0.05162232369184494,1,12.184537901197341,10.922542210911457,14.254446297147872,62.63847359074333
data_recortado/dataset_5_recortado/val\Ai_Sugiyama\Ai_Sugiyama_0001.jpg,Ai_Sugiyama,Ai_Sugiyama,0.08502890914678574,1,16.001917964225054,8.166566273573835,12.496600168070055,63.334915594131054
data_recortado/dataset_5_recortado/val\Al_Gore\Al_Gore_0001.jpg,Al_Gore,Bertie_Ahern,0.058700185269117355,0,13.703299184884116,14.88918812327809,16.55465298004255,54.85285971179524
data_recortado/dataset_5_recortado/val\Al_Gore\Al_Gore_0002.jpg,Al_Gore,Al_Gore,0.04533236846327782,1,14.512856206897432,20.029946669123145,22.75503615185261,42.70216097212681
data_recortado/dataset_5_recortado/val\Al_Sharpton\Al_Sharpton_0001.jpg,Al_Sharpton,Al_Sharpton,0.08012706786394119,1,12.389083005736964,13.855152456928975,14.912385162261323,58.84337937507274
data_recortado/dataset_5_recortado/val\Al_Sharpton\Al_Sharpton_0006.jpg,Al_Sharpton,Al_Sharpton,0.7691933512687683,1,11.059627790477137,11.67324800473878,13.922159842203682,63.344964362580406
data_recortado/dataset_5_recortado/val\Alan_Greenspan\Alan_Greenspan_0001.jpg,Alan_Greenspan,Alan_Greenspan,0.33707571029663086,1,14.365164268269131,15.421863079196406,11.451664434173239,58.76130821836122
data_recortado/dataset_5_recortado/val\Alastair_Campbell\Alastair_Campbell_0001.jpg,Alastair_Campbell,Alastair_Campbell,0.042519744485616684,1,18.14743250240758,16.221061764296003,13.490116364060386,52.14138936923603
data_recortado/dataset_5_recortado/val\Albert_Costa\Albert_Costa_0001.jpg,Albert_Costa,Albert_Costa,0.4774790108203888,1,20.757103754431153,16.516781416970016,11.328755188032696,51.39735964056614
data_recortado/dataset_5_recortado/val\Albert_Costa\Albert_Costa_0006.jpg,Albert_Costa,Albert_Costa,0.12379126250743866,1,19.927709583983226,10.361316863630588,8.533165237994119,61.17780831439207
data_recortado/dataset_5_recortado/val\Alejandro_Toledo\Alejandro_Toledo_0002.jpg,Alejandro_Toledo,Alejandro_Toledo,0.9765117764472961,1,20.234593291272983,18.032674790974596,8.743732911620468,52.988999006131955
data_recortado/dataset_5_recortado/val\Alejandro_Toledo\Alejandro_Toledo_0006.jpg,Alejandro_Toledo,Alejandro_Toledo,0.9760161638259888,1,20.20410744042745,18.645567560856836,9.63064289315868,51.51968210555703
data_recortado/dataset_5_recortado/val\Alejandro_Toledo\Alejandro_Toledo_0007.jpg,Alejandro_Toledo,Alejandro_Toledo,0.9842228293418884,1,18.997627334317766,19.07061903531721,10.980669513547726,50.9510841168173
data_recortado/dataset_5_recortado/val\Alejandro_Toledo\Alejandro_Toledo_0008.jpg,Alejandro_Toledo,Alejandro_Toledo,0.9282556176185608,1,19.641483665328547,14.88294380173395,7.6326746310602065,57.8428979018773
data_recortado/dataset_5_recortado/val\Alejandro_Toledo\Alejandro_Toledo_0009.jpg,Alejandro_Toledo,Alejandro_Toledo,0.9654211401939392,1,19.923377321986248,16.494941510284598,8.36742764632394,55.21425352140522
data_recortado/dataset_5_recortado/val\Alejandro_Toledo\Alejandro_Toledo_0015.jpg,Alejandro_Toledo,Alejandro_Toledo,0.95902019739151,1,17.93022883792134,15.947410542848305,10.064930389980677,56.057430229249675
data_recortado/dataset_5_recortado/val\Alejandro_Toledo\Alejandro_Toledo_0016.jpg,Alejandro_Toledo,Alejandro_Toledo,0.9822041392326355,1,21.756055851526284,19.337372878180524,8.888695684877376,50.017875585415815
data_recortado/dataset_5_recortado/val\Alejandro_Toledo\Alejandro_Toledo_0018.jpg,Alejandro_Toledo,Alejandro_Toledo,0.8536880612373352,1,17.828056300082128,16.467641360909987,10.757160946193654,54.94714139281423
data_recortado/dataset_5_recortado/val\Ali_Naimi\Ali_Naimi_0001.jpg,Ali_Naimi,Ali_Naimi,0.20916493237018585,1,9.693304749316496,9.973498379428912,14.980665582742699,65.3525312885119
data_recortado/dataset_5_recortado/val\Ali_Naimi\Ali_Naimi_0002.jpg,Ali_Naimi,Ali_Naimi,0.6593204140663147,1,11.830019739346595,12.257032950432793,14.784374664916625,61.12857264530399
data_recortado/dataset_5_recortado/val\Allyson_Felix\Allyson_Felix_0001.jpg,Allyson_Felix,Serena_Williams,0.16603142023086548,0,8.067787077725114,6.261261928410951,17.013121869769595,68.65782912409433
data_recortado/dataset_5_recortado/val\Alvaro_Uribe\Alvaro_Uribe_0002.jpg,Alvaro_Uribe,Alvaro_Uribe,0.18127243220806122,1,20.646833495228208,10.559465619842822,5.0618547859557905,63.73184609897318
data_recortado/dataset_5_recortado/val\Alvaro_Uribe\Alvaro_Uribe_0005.jpg,Alvaro_Uribe,Alvaro_Uribe,0.9691082835197449,1,21.06674507200683,8.487461439994595,6.1677572548770465,64.27803623312153
data_recortado/dataset_5_recortado/val\Alvaro_Uribe\Alvaro_Uribe_0008.jpg,Alvaro_Uribe,Alvaro_Uribe,0.8361346125602722,1,18.962271717369408,12.8798614879004,9.173250628086707,58.984616166643484
data_recortado/dataset_5_recortado/val\Alvaro_Uribe\Alvaro_Uribe_0016.jpg,Alvaro_Uribe,Alvaro_Uribe,0.910548985004425,1,22.151713368881623,9.330309533872457,4.580933872670391,63.937043224575525
data_recortado/dataset_5_recortado/val\Alvaro_Uribe\Alvaro_Uribe_0018.jpg,Alvaro_Uribe,Alvaro_Uribe,0.8222947120666504,1,22.876966208080887,7.1344266440807615,3.6950646576256934,66.29354249021266
data_recortado/dataset_5_recortado/val\Alvaro_Uribe\Alvaro_Uribe_0024.jpg,Alvaro_Uribe,Alvaro_Uribe,0.9107314348220825,1,23.356766524363472,11.91416401408553,5.940913003481013,58.788156458069984
data_recortado/dataset_5_recortado/val\Alvaro_Uribe\Alvaro_Uribe_0035.jpg,Alvaro_Uribe,Alvaro_Uribe,0.5133818984031677,1,22.174185089370134,7.700285538961697,5.1779891339374915,64.94754023773068
data_recortado/dataset_5_recortado/val\Amelia_Vega\Amelia_Vega_0001.jpg,Amelia_Vega,Amelia_Vega,0.23025012016296387,1,20.997213526429604,12.443206910689504,6.267337611456433,60.29224195142446
data_recortado/dataset_5_recortado/val\Amelia_Vega\Amelia_Vega_0006.jpg,Amelia_Vega,Amelia_Vega,0.19638407230377197,1,23.38993639084898,11.494194788178078,6.568215327826954,58.54765349314599
data_recortado/dataset_5_recortado/val\Amelie_Mauresmo\Amelie_Mauresmo_0001.jpg,Amelie_Mauresmo,Amelie_Mauresmo,0.43643078207969666,1,18.71030662084386,14.138653089392893,9.651901554462697,57.499138735300555
data_recortado/dataset_5_recortado/val\Amelie_Mauresmo\Amelie_Mauresmo_0004.jpg,Amelie_Mauresmo,Amelie_Mauresmo,0.9014104008674622,1,21.902465381975027,13.134114421189418,7.390336447057174,57.57308374977838
data_recortado/dataset_5_recortado/val\Amelie_Mauresmo\Amelie_Mauresmo_0008.jpg,Amelie_Mauresmo,Amelie_Mauresmo,0.9164882898330688,1,21.08846184407394,12.843647727720183,9.021124710578349,57.04676571762753
data_recortado/dataset_5_recortado/val\Amelie_Mauresmo\Amelie_Mauresmo_0009.jpg,Amelie_Mauresmo,Amelie_Mauresmo,0.9185394048690796,1,21.377173165230992,14.889782062701975,7.79626648884171,55.93677828322532
data_recortado/dataset_5_recortado/val\Amelie_Mauresmo\Amelie_Mauresmo_0021.jpg,Amelie_Mauresmo,Amelie_Mauresmo,0.07300889492034912,1,15.46322086601877,11.029837687775458,7.666675986736338,65.84026545946944
data_recortado/dataset_5_recortado/val\Ana_Guevara\Ana_Guevara_0001.jpg,Ana_Guevara,Ana_Guevara,0.10098152607679367,1,14.407297621427634,3.4830149072377434,7.159986916117929,74.9497005552167
data_recortado/dataset_5_recortado/val\Ana_Guevara\Ana_Guevara_0006.jpg,Ana_Guevara,Ana_Guevara,0.085286445915699,1,14.262857344779938,10.556963122050506,13.083379264882227,62.09680026828733
data_recortado/dataset_5_recortado/val\Ana_Palacio\Ana_Palacio_0001.jpg,Ana_Palacio,Ana_Palacio,0.040348466485738754,1,18.50098949238279,8.576031091531311,8.784145686108934,64.13883372997697
data_recortado/dataset_5_recortado/val\Ana_Palacio\Ana_Palacio_0002.jpg,Ana_Palacio,Ana_Palacio,0.155503049492836,1,18.95674341431084,12.372317051119504,8.896672460650441,59.77426707391922
data_recortado/dataset_5_recortado/val\Andre_Agassi\Andre_Agassi_0002.jpg,Andre_Agassi,Andre_Agassi,0.9026922583580017,1,14.869823792662476,12.757013561893777,13.81893487099504,58.554227774448705
data_recortado/dataset_5_recortado/val\Andre_Agassi\Andre_Agassi_0004.jpg,Andre_Agassi,Andre_Agassi,0.9277423024177551,1,13.773345187302104,14.975918537420455,16.437579398233858,54.81315687704358
data_recortado/dataset_5_recortado/val\Andre_Agassi\Andre_Agassi_0005.jpg,Andre_Agassi,Andre_Agassi,0.11606043577194214,1,8.489386338021324,6.1071550218179524,16.69605595871549,68.70740268144523
data_recortado/dataset_5_recortado/val\Andre_Agassi\Andre_Agassi_0008.jpg,Andre_Agassi,Andre_Agassi,0.9403555393218994,1,12.06571316127603,13.570507696018403,17.351061908211122,57.012717234494446
data_recortado/dataset_5_recortado/val\Andre_Agassi\Andre_Agassi_0015.jpg,Andre_Agassi,Andre_Agassi,0.9585140347480774,1,15.306769654692408,16.29574959271615,14.507795890953087,53.88968486163836
data_recortado/dataset_5_recortado/val\Andre_Agassi\Andre_Agassi_0016.jpg,Andre_Agassi,Andre_Agassi,0.981363832950592,1,12.774944850480983,13.702172135196776,15.705535585119746,57.8173474292025
data_recortado/dataset_5_recortado/val\Andre_Agassi\Andre_Agassi_0018.jpg,Andre_Agassi,Andre_Agassi,0.9536443948745728,1,14.663511254416454,16.029202133746338,18.17796881768232,51.129317794154886
data_recortado/dataset_5_recortado/val\Andre_Agassi\Andre_Agassi_0024.jpg,Andre_Agassi,Andre_Agassi,0.9714284539222717,1,15.131172645347247,15.48619790991402,15.984658459012831,53.397970985725905
data_recortado/dataset_5_recortado/val\Andy_Roddick\Andy_Roddick_0001.jpg,Andy_Roddick,Andy_Roddick,0.597683310508728,1,16.771930696201437,17.71987947287085,16.13210485333952,49.37608497758819
data_recortado/dataset_5_recortado/val\Andy_Roddick\Andy_Roddick_0002.jpg,Andy_Roddick,Amelie_Mauresmo,0.0829022005200386,0,22.345567965866508,14.470392455238647,9.265476019756994,53.91856355913785
data_recortado/dataset_5_recortado/val\Andy_Roddick\Andy_Roddick_0011.jpg,Andy_Roddick,Andy_Roddick,0.34844887256622314,1,10.396165390526093,13.11014474060713,18.25627779735955,58.23741207150722
data_recortado/dataset_5_recortado/val\Angela_Bassett\Angela_Bassett_0001.jpg,Angela_Bassett,Angela_Bassett,0.3202012777328491,1,11.48024589013946,12.76523904026096,16.088794730537366,59.66572033906221
data_recortado/dataset_5_recortado/val\Angela_Bassett\Angela_Bassett_0006.jpg,Angela_Bassett,Tom_Daschle,0.030133748427033424,0,17.171174074432635,10.025721201620048,6.391468934238931,66.41163578970838
data_recortado/dataset_5_recortado/val\Angela_Merkel\Angela_Merkel_0001.jpg,Angela_Merkel,Angela_Merkel,0.09704304486513138,1,11.143378515986715,6.965127048189703,14.111856073590777,67.7796383622328
data_recortado/dataset_5_recortado/val\Angelina_Jolie\Angelina_Jolie_0001.jpg,Angelina_Jolie,Angelina_Jolie,0.6589129567146301,1,14.903112111779624,17.027856765972462,13.401153641324058,54.667877480923856
data_recortado/dataset_5_recortado/val\Angelina_Jolie\Angelina_Jolie_0004.jpg,Angelina_Jolie,Angelina_Jolie,0.28239381313323975,1,14.473175851179384,15.010684661914032,11.345838316775065,59.170301170131516
data_recortado/dataset_5_recortado/val\Angelina_Jolie\Angelina_Jolie_0008.jpg,Angelina_Jolie,Angelina_Jolie,0.5748347043991089,1,13.345729079516868,15.525863072065007,14.487816893300325,56.6405909551178
data_recortado/dataset_5_recortado/val\Angelina_Jolie\Angelina_Jolie_0009.jpg,Angelina_Jolie,Angelina_Jolie,0.8370258808135986,1,15.994082540813253,17.308770208109735,11.06626214596657,55.630885105110444
data_recortado/dataset_5_recortado/val\Ann_Veneman\Ann_Veneman_0001.jpg,Ann_Veneman,Ann_Veneman,0.14864814281463623,1,19.29384866957488,9.898316357157313,4.7148227019890285,66.09301227127878
data_recortado/dataset_5_recortado/val\Ann_Veneman\Ann_Veneman_0002.jpg,Ann_Veneman,Ann_Veneman,0.9065237045288086,1,11.986722537409019,13.723466544423117,21.08493789892373,53.20487301924414
data_recortado/dataset_5_recortado/val\Ann_Veneman\Ann_Veneman_0011.jpg,Ann_Veneman,Ann_Veneman,0.42806097865104675,1,13.3006139033673,14.852365398138762,14.289868279923713,57.557152418570226
data_recortado/dataset_5_recortado/val\Anna_Kournikova\Anna_Kournikova_0001.jpg,Anna_Kournikova,Anna_Kournikova,0.09384851902723312,1,14.985461834928564,15.196870799177566,12.73047606713654,57.08719129875733
data_recortado/dataset_5_recortado/val\Anna_Kournikova\Anna_Kournikova_0002.jpg,Anna_Kournikova,Kim_Clijsters,0.0581347793340683,0,17.067122286889877,15.742349789886436,9.97391337845076,57.21661454477293
data_recortado/dataset_5_recortado/val\Anna_Kournikova\Anna_Kournikova_0011.jpg,Anna_Kournikova,Anna_Kournikova,0.4560587704181671,1,20.904632871500965,13.41873294784658,8.183386959279659,57.4932472213728
data_recortado/dataset_5_recortado/val\Antonio_Banderas\Antonio_Banderas_0001.jpg,Antonio_Banderas,Colin_Powell,0.17360445857048035,0,19.37863950144875,15.583094268806926,11.004794060966072,54.03347216877825
data_recortado/dataset_5_recortado/val\Antonio_Palocci\Antonio_Palocci_0001.jpg,Antonio_Palocci,Antonio_Palocci,0.3851970434188843,1,11.159135185814446,8.036925051659674,17.510692508123924,63.293247254401955
data_recortado/dataset_5_recortado/val\Antonio_Palocci\Antonio_Palocci_0002.jpg,Antonio_Palocci,Antonio_Palocci,0.6718543767929077,1,9.459537876869076,12.3799782634323,24.59081045209161,53.56967340760701
data_recortado/dataset_5_recortado/val\Ari_Fleischer\Ari_Fleischer_0001.jpg,Ari_Fleischer,Ari_Fleischer,0.25859665870666504,1,13.814374662077618,9.247953219282177,15.807672889422033,61.12999922921817
data_recortado/dataset_5_recortado/val\Ari_Fleischer\Ari_Fleischer_0002.jpg,Ari_Fleischer,Ari_Fleischer,0.8905457854270935,1,16.632862902946354,12.163511881115074,13.482863497872618,57.72076171806596
data_recortado/dataset_5_recortado/val\Ari_Fleischer\Ari_Fleischer_0011.jpg,Ari_Fleischer,Ari_Fleischer,0.939298152923584,1,17.436185863165882,15.281377202979813,17.21413281741324,50.06830411644106
data_recortado/dataset_5_recortado/val\Ariel_Sharon\Ariel_Sharon_0004.jpg,Ariel_Sharon,Ariel_Sharon,0.8437727093696594,1,5.615656614310812,7.225344967334352,21.490511550712284,65.66848686764256
data_recortado/dataset_5_recortado/val\Ariel_Sharon\Ariel_Sharon_0005.jpg,Ariel_Sharon,Ariel_Sharon,0.9873232245445251,1,17.068644805032346,10.9256544095202,13.078961531895313,58.92673925355214
data_recortado/dataset_5_recortado/val\Ariel_Sharon\Ariel_Sharon_0012.jpg,Ariel_Sharon,Ariel_Sharon,0.9528377056121826,1,15.891699550852609,17.276638233119318,12.763461842553394,54.06820037347468
data_recortado/dataset_5_recortado/val\Ariel_Sharon\Ariel_Sharon_0014.jpg,Ariel_Sharon,Ariel_Sharon,0.985612690448761,1,11.164493098552743,11.051493221471583,18.948138148943137,58.835875531032535
data_recortado/dataset_5_recortado/val\Ariel_Sharon\Ariel_Sharon_0015.jpg,Ariel_Sharon,Ariel_Sharon,0.9888511300086975,1,14.579806784732053,8.948137546777385,12.008207861414943,64.46384780707562
data_recortado/dataset_5_recortado/val\Ariel_Sharon\Ariel_Sharon_0018.jpg,Ariel_Sharon,Ariel_Sharon,0.9157195091247559,1,8.44515928748373,10.414214618928463,20.370120081512475,60.77050601207534
data_recortado/dataset_5_recortado/val\Ariel_Sharon\Ariel_Sharon_0028.jpg,Ariel_Sharon,Ariel_Sharon,0.9815129041671753,1,6.235621678476082,8.258648925823975,20.763591443560255,64.74213795213969
data_recortado/dataset_5_recortado/val\Ariel_Sharon\Ariel_Sharon_0029.jpg,Ariel_Sharon,Ariel_Sharon,0.8875203728675842,1,10.99621717540626,13.085355443405582,16.132340667791162,59.786086713397
data_recortado/dataset_5_recortado/val\Ariel_Sharon\Ariel_Sharon_0032.jpg,Ariel_Sharon,Ariel_Sharon,0.9864659905433655,1,7.156582492331664,7.401077363918627,21.469653732659406,63.97268641109031
data_recortado/dataset_5_recortado/val\Ariel_Sharon\Ariel_Sharon_0033.jpg,Ariel_Sharon,Ariel_Sharon,0.9917042255401611,1,14.832024732961147,9.661296486041705,13.74275685475302,61.76392192624413
data_recortado/dataset_5_recortado/val\Ariel_Sharon\Ariel_Sharon_0036.jpg,Ariel_Sharon,Ariel_Sharon,0.9392484426498413,1,7.102734925757709,8.89949562702859,21.474533686323067,62.52323576089063
data_recortado/dataset_5_recortado/val\Ariel_Sharon\Ariel_Sharon_0055.jpg,Ariel_Sharon,Ariel_Sharon,0.9824271202087402,1,8.701663921624446,9.714205931084614,21.076907051450483,60.50722309584046
data_recortado/dataset_5_recortado/val\Ariel_Sharon\Ariel_Sharon_0069.jpg,Ariel_Sharon,Ariel_Sharon,0.9786226153373718,1,12.82459523580848,12.962537604005984,14.156466549402388,60.05640061078314
data_recortado/dataset_5_recortado/val\Ariel_Sharon\Ariel_Sharon_0070.jpg,Ariel_Sharon,Ariel_Sharon,0.9753308296203613,1,9.362120624832027,9.546295878557725,19.99431417595798,61.097269320652266
data_recortado/dataset_5_recortado/val\Ariel_Sharon\Ariel_Sharon_0076.jpg,Ariel_Sharon,Ariel_Sharon,0.9705201983451843,1,9.20726795035619,10.426815474061577,17.154737168903452,63.21117940667878
data_recortado/dataset_5_recortado/val\Ariel_Sharon\Ariel_Sharon_0077.jpg,Ariel_Sharon,Ariel_Sharon,0.9850019812583923,1,11.277753032249375,10.308813845866988,17.867159038858706,60.54627408302493
data_recortado/dataset_5_recortado/val\Arminio_Fraga\Arminio_Fraga_0001.jpg,Arminio_Fraga,Laura_Bush,0.08128629624843597,0,17.790873024677133,20.427728359516518,15.500204619125025,46.281193996681324
data_recortado/dataset_5_recortado/val\Arminio_Fraga\Arminio_Fraga_0006.jpg,Arminio_Fraga,Arminio_Fraga,0.3937297761440277,1,14.69235631896633,11.72209714777436,10.743120398717481,62.842426134541824
data_recortado/dataset_5_recortado/val\Arnold_Schwarzenegger\Arnold_Schwarzenegger_0002.jpg,Arnold_Schwarzenegger,Arnold_Schwarzenegger,0.8434423804283142,1,10.490852647517636,13.416021880772465,19.48195546542658,56.61117000628332
data_recortado/dataset_5_recortado/val\Arnold_Schwarzenegger\Arnold_Schwarzenegger_0006.jpg,Arnold_Schwarzenegger,Arnold_Schwarzenegger,0.8586238026618958,1,11.355761311663269,12.603874613184747,16.456680143210104,59.583683931941884
data_recortado/dataset_5_recortado/val\Arnold_Schwarzenegger\Arnold_Schwarzenegger_0007.jpg,Arnold_Schwarzenegger,Arnold_Schwarzenegger,0.7698296308517456,1,10.867383765813495,12.611449496467552,15.476848939846024,61.04431779787293
data_recortado/dataset_5_recortado/val\Arnold_Schwarzenegger\Arnold_Schwarzenegger_0008.jpg,Arnold_Schwarzenegger,Arnold_Schwarzenegger,0.12190739810466766,1,8.851021976973444,7.522352810039221,16.168359967313677,67.45826524567366
data_recortado/dataset_5_recortado/val\Arnold_Schwarzenegger\Arnold_Schwarzenegger_0009.jpg,Arnold_Schwarzenegger,Arnold_Schwarzenegger,0.7797977924346924,1,13.66516799424539,16.26942469903772,17.79485039856889,52.270556908148
data_recortado/dataset_5_recortado/val\Arnold_Schwarzenegger\Arnold_Schwarzenegger_0015.jpg,Arnold_Schwarzenegger,Arnold_Schwarzenegger,0.19082367420196533,1,12.548062888088866,14.335772354824652,16.183200695804565,56.932964061281915
data_recortado/dataset_5_recortado/val\Arnold_Schwarzenegger\Arnold_Schwarzenegger_0016.jpg,Arnold_Schwarzenegger,Arnold_Schwarzenegger,0.8825269937515259,1,14.813693760573985,15.797757709502045,17.183680199620113,52.20486833030386
data_recortado/dataset_5_recortado/val\Arnold_Schwarzenegger\Arnold_Schwarzenegger_0018.jpg,Arnold_Schwarzenegger,Arnold_Schwarzenegger,0.6954447627067566,1,15.183265169385807,16.492048520577,14.605146206857437,53.71954010317975
data_recortado/dataset_5_recortado/val\Arnold_Schwarzenegger\Arnold_Schwarzenegger_0041.jpg,Arnold_Schwarzenegger,Arnold_Schwarzenegger,0.9055136442184448,1,12.37234100962911,13.109364928645086,16.420720735589523,58.09757332613628
data_recortado/dataset_5_recortado/val\Arnoldo_Aleman\Arnoldo_Aleman_0001.jpg,Arnoldo_Aleman,Arnoldo_Aleman,0.20637555420398712,1,11.860595238686988,12.080140931365909,17.98427256628589,58.07499126366121
data_recortado/dataset_5_recortado/val\Ashanti\Ashanti_0001.jpg,Ashanti,Ashanti,0.41237881779670715,1,10.902402911050014,12.646963645545542,14.839092729081136,61.61154071432331
data_recortado/dataset_5_recortado/val\Atal_Bihari_Vajpayee\Atal_Bihari_Vajpayee_0001.jpg,Atal_Bihari_Vajpayee,Atal_Bihari_Vajpayee,0.9620280861854553,1,18.208232762859613,10.952384292554061,12.078776254001257,58.76060669058507
data_recortado/dataset_5_recortado/val\Atal_Bihari_Vajpayee\Atal_Bihari_Vajpayee_0004.jpg,Atal_Bihari_Vajpayee,Atal_Bihari_Vajpayee,0.38083478808403015,1,20.232166842767807,14.480430850377305,6.669317009830633,58.61808529702426
data_recortado/dataset_5_recortado/val\Atal_Bihari_Vajpayee\Atal_Bihari_Vajpayee_0008.jpg,Atal_Bihari_Vajpayee,Atal_Bihari_Vajpayee,0.9375845193862915,1,20.413106959605983,12.967471418666932,10.866240410591425,55.75318121113566
data_recortado/dataset_5_recortado/val\Atal_Bihari_Vajpayee\Atal_Bihari_Vajpayee_0009.jpg,Atal_Bihari_Vajpayee,Atal_Bihari_Vajpayee,0.9721910953521729,1,19.08293179633667,13.072527169372497,12.074690912271452,55.769850122019385
data_recortado/dataset_5_recortado/val\Atal_Bihari_Vajpayee\Atal_Bihari_Vajpayee_0021.jpg,Atal_Bihari_Vajpayee,Atal_Bihari_Vajpayee,0.22874003648757935,1,18.36255765178974,6.295226761329743,4.128931434564126,71.21328415231639
data_recortado/dataset_5_recortado/val\Ben_Affleck\Ben_Affleck_0001.jpg,Ben_Affleck,Ben_Affleck,0.11796654760837555,1,17.99966804043725,15.645894516348708,15.794840207851427,50.55959723536261
data_recortado/dataset_5_recortado/val\Ben_Affleck\Ben_Affleck_0006.jpg,Ben_Affleck,Ben_Affleck,0.24485325813293457,1,18.54604312999874,11.759278351364786,12.064395058217542,57.63028346041893
data_recortado/dataset_5_recortado/val\Benazir_Bhutto\Benazir_Bhutto_0001.jpg,Benazir_Bhutto,Walter_Mondale,0.05976448580622673,0,19.59902135383852,10.740364564232134,6.470813506148743,63.1898005757806
data_recortado/dataset_5_recortado/val\Benjamin_Netanyahu\Benjamin_Netanyahu_0001.jpg,Benjamin_Netanyahu,Benjamin_Netanyahu,0.13004069030284882,1,18.03340620683387,15.483734604837721,13.365943127112253,53.11691606121615
data_recortado/dataset_5_recortado/val\Bernard_Law\Bernard_Law_0001.jpg,Bernard_Law,Dennis_Hastert,0.11764559149742126,0,21.401845470891487,8.352554109989644,3.915648087696064,66.3299523314228
data_recortado/dataset_5_recortado/val\Bertie_Ahern\Bertie_Ahern_0001.jpg,Bertie_Ahern,Alvaro_Uribe,0.07981006056070328,0,17.331800775298973,13.377501644487284,8.731088043606386,60.55960953660736
data_recortado/dataset_5_recortado/val\Bill_Clinton\Bill_Clinton_0001.jpg,Bill_Clinton,Bill_Clinton,0.7321441173553467,1,14.031372249381985,14.797093464625256,14.079650648256873,57.09188363773588
data_recortado/dataset_5_recortado/val\Bill_Clinton\Bill_Clinton_0004.jpg,Bill_Clinton,Bill_Clinton,0.945803165435791,1,17.33573323442112,15.624585877792615,13.602505561380465,53.4371753264058
data_recortado/dataset_5_recortado/val\Bill_Clinton\Bill_Clinton_0008.jpg,Bill_Clinton,Bill_Clinton,0.9192942976951599,1,17.75156932572046,14.50820480781411,11.408100794669748,56.33212507179568
data_recortado/dataset_5_recortado/val\Bill_Clinton\Bill_Clinton_0009.jpg,Bill_Clinton,Bill_Clinton,0.8042349219322205,1,13.29605925135482,14.765452935854999,14.40308702346466,57.53540078932552
data_recortado/dataset_5_recortado/val\Bill_Clinton\Bill_Clinton_0021.jpg,Bill_Clinton,Bill_Clinton,0.9431471228599548,1,19.449241364968845,14.84381123607883,10.141112348872285,55.56583505008004
data_recortado/dataset_5_recortado/val\Bill_Clinton\Bill_Clinton_0024.jpg,Bill_Clinton,Bill_Clinton,0.9086282849311829,1,14.44780196810877,14.242244194489412,12.402509167971637,58.90744466943018
data_recortado/dataset_5_recortado/val\Bill_Frist\Bill_Frist_0001.jpg,Bill_Frist,Bill_Frist,0.030594415962696075,1,18.029909414717554,8.742159375979234,4.962352732073209,68.26557847723001
data_recortado/dataset_5_recortado/val\Bill_Frist\Bill_Frist_0002.jpg,Bill_Frist,Dominique_de_Villepin,0.04035256803035736,0,20.43541770253975,5.727417297064435,8.360409334350114,65.4767556660457
data_recortado/dataset_5_recortado/val\Bill_Gates\Bill_Gates_0001.jpg,Bill_Gates,Bill_Gates,0.4824051558971405,1,19.226104138490584,6.233673972802165,6.986244229553233,67.55397765915401
data_recortado/dataset_5_recortado/val\Bill_Gates\Bill_Gates_0004.jpg,Bill_Gates,Bill_Gates,0.2673753798007965,1,17.1230146629393,12.461670651239645,7.258824069228141,63.15649061659291
data_recortado/dataset_5_recortado/val\Bill_Gates\Bill_Gates_0005.jpg,Bill_Gates,Bill_Gates,0.8146306872367859,1,20.655633206617374,12.465287731261796,5.450391054370794,61.42868800775003
data_recortado/dataset_5_recortado/val\Bill_Gates\Bill_Gates_0012.jpg,Bill_Gates,Bill_Gates,0.7406608462333679,1,18.861821057585153,15.119427205117137,9.323449886100656,56.69530185119705
data_recortado/dataset_5_recortado/val\Bill_Graham\Bill_Graham_0001.jpg,Bill_Graham,Bill_Graham,0.3003929555416107,1,12.634799800805347,12.503037964027437,13.384879549502017,61.4772826856652
data_recortado/dataset_5_recortado/val\Bill_Graham\Bill_Graham_0002.jpg,Bill_Graham,Halle_Berry,0.031137067824602127,0,6.660349664072318,10.86784137847171,23.789900387648004,58.681908569807966
data_recortado/dataset_5_recortado/val\Bill_McBride\Bill_McBride_0001.jpg,Bill_McBride,Bill_McBride,0.5745885968208313,1,9.566831270608954,11.780278204470656,18.239820917866222,60.41306960705417
data_recortado/dataset_5_recortado/val\Bill_McBride\Bill_McBride_0002.jpg,Bill_McBride,Bill_McBride,0.0938938558101654,1,9.948232543283298,12.068803318953588,20.49247687220145,57.49048726556166
data_recortado/dataset_5_recortado/val\Bill_Simon\Bill_Simon_0001.jpg,Bill_Simon,Bill_Simon,0.7753037810325623,1,14.645833709311388,15.092722629195515,16.117174529211795,54.1442691322813
data_recortado/dataset_5_recortado/val\Bill_Simon\Bill_Simon_0002.jpg,Bill_Simon,Bill_Simon,0.8615313172340393,1,17.079451252568877,15.372732285468274,13.283897014338947,54.2639194476239
data_recortado/dataset_5_recortado/val\Bill_Simon\Bill_Simon_0011.jpg,Bill_Simon,Bill_Simon,0.6628115773200989,1,17.486332542344474,12.289713609326443,11.850495599683786,58.3734582486453
data_recortado/dataset_5_recortado/val\Billy_Crystal\Billy_Crystal_0001.jpg,Billy_Crystal,Luiz_Inacio_Lula_da_Silva,0.13582968711853027,0,8.056810991363342,8.673895167186181,19.091446693890163,64.17784714756031
data_recortado/dataset_5_recortado/val\Billy_Crystal\Billy_Crystal_0006.jpg,Billy_Crystal,Vicente_Fox,0.049562931060791016,0,19.99622729519622,12.15528520794641,6.801768065318853,61.04671943153852
data_recortado/dataset_5_recortado/val\Binyamin_Ben-Eliezer\Binyamin_Ben-Eliezer_0001.jpg,Binyamin_Ben-Eliezer,Binyamin_Ben-Eliezer,0.1442224532365799,1,18.139634898754828,14.641116433329735,10.778005604053096,56.44124306386234
data_recortado/dataset_5_recortado/val\Binyamin_Ben-Eliezer\Binyamin_Ben-Eliezer_0006.jpg,Binyamin_Ben-Eliezer,Colin_Powell,0.0716143548488617,0,20.535423004956098,16.54279176134525,8.401784535073187,54.520000698625466
data_recortado/dataset_5_recortado/val\Bob_Graham\Bob_Graham_0001.jpg,Bob_Graham,Mike_Martz,0.03461544215679169,0,18.590686518461933,15.820675907999712,10.887959951957319,54.700677621581036
data_recortado/dataset_5_recortado/val\Bob_Graham\Bob_Graham_0006.jpg,Bob_Graham,Gray_Davis,0.04258289188146591,0,21.75748907615583,11.298568000953964,5.792646812666562,61.15129611022364
data_recortado/dataset_5_recortado/val\Bob_Hope\Bob_Hope_0001.jpg,Bob_Hope,George_W_Bush,0.04773608222603798,0,4.110404467481444,3.0950360622436177,9.129335588974747,83.6652238813002
data_recortado/dataset_5_recortado/val\Bob_Hope\Bob_Hope_0002.jpg,Bob_Hope,Bob_Hope,0.24662697315216064,1,14.368290820662,16.516400879986936,15.615315904309291,53.49999239504177
data_recortado/dataset_5_recortado/val\Bob_Stoops\Bob_Stoops_0001.jpg,Bob_Stoops,Sergio_Vieira_De_Mello,0.07099176943302155,0,12.778752029149562,12.629044623551598,13.009704264043238,61.582499083255605
data_recortado/dataset_5_recortado/val\Bob_Stoops\Bob_Stoops_0006.jpg,Bob_Stoops,Bob_Stoops,0.1659301519393921,1,14.061352498448048,15.687444063831096,14.00286109183689,56.24834234588396
data_recortado/dataset_5_recortado/val\Boris_Becker\Boris_Becker_0001.jpg,Boris_Becker,Boris_Becker,0.477946937084198,1,11.351055541488215,8.763970913431109,21.039313836347343,58.84565970873333
data_recortado/dataset_5_recortado/val\Boris_Becker\Boris_Becker_0006.jpg,Boris_Becker,Boris_Becker,0.06413973867893219,1,9.694779650328428,8.103879057560102,21.283869320085127,60.91747197202634
data_recortado/dataset_5_recortado/val\Brad_Johnson\Brad_Johnson_0001.jpg,Brad_Johnson,Juan_Carlos_Ferrero,0.03138751536607742,0,15.30606512257529,2.1452410745012576,6.51267892871145,76.036014874212
data_recortado/dataset_5_recortado/val\Britney_Spears\Britney_Spears_0001.jpg,Britney_Spears,Britney_Spears,0.9199652075767517,1,19.71198930566569,12.19679027417556,6.558072390044877,61.53314803011387
data_recortado/dataset_5_recortado/val\Britney_Spears\Britney_Spears_0002.jpg,Britney_Spears,Britney_Spears,0.8959963321685791,1,20.07282755250491,14.233880256457535,9.49306645436154,56.20022573667601
data_recortado/dataset_5_recortado/val\Britney_Spears\Britney_Spears_0011.jpg,Britney_Spears,Britney_Spears,0.7176552414894104,1,17.892585259711424,13.125917192054446,8.486554789180433,60.49494275905369
data_recortado/dataset_5_recortado/val\Bulent_Ecevit\Bulent_Ecevit_0001.jpg,Bulent_Ecevit,Bulent_Ecevit,0.0761873796582222,1,18.975664223547614,10.08344546238723,13.65556954956576,57.285320764499396
data_recortado/dataset_5_recortado/val\Bulent_Ecevit\Bulent_Ecevit_0006.jpg,Bulent_Ecevit,Bulent_Ecevit,0.227707639336586,1,10.646250299189694,10.42732899757149,15.951789966229473,62.97463073700934
data_recortado/dataset_5_recortado/val\Calista_Flockhart\Calista_Flockhart_0001.jpg,Calista_Flockhart,Calista_Flockhart,0.0438346229493618,1,10.611632245832679,12.262860250263703,15.16889661231482,61.9566108915888
data_recortado/dataset_5_recortado/val\Calista_Flockhart\Calista_Flockhart_0006.jpg,Calista_Flockhart,Britney_Spears,0.08937592804431915,0,19.61472235472307,9.584777693072908,8.21357212335521,62.58692782884881
data_recortado/dataset_5_recortado/val\Cameron_Diaz\Cameron_Diaz_0001.jpg,Cameron_Diaz,Cameron_Diaz,0.13822436332702637,1,16.75684020079412,10.150524292304118,9.823498082753396,63.26913742414837
data_recortado/dataset_5_recortado/val\Cameron_Diaz\Cameron_Diaz_0006.jpg,Cameron_Diaz,Cameron_Diaz,0.09475695341825485,1,9.144650472161382,4.243664958415345,10.850072110574258,75.76161245884902
data_recortado/dataset_5_recortado/val\Carla_Del_Ponte\Carla_Del_Ponte_0001.jpg,Carla_Del_Ponte,Hans_Blix,0.08150050044059753,0,17.903288329090923,15.849128394457296,11.351276297022347,54.89630697942943
data_recortado/dataset_5_recortado/val\Carlos_Menem\Carlos_Menem_0001.jpg,Carlos_Menem,Carlos_Menem,0.9323404431343079,1,20.19647774850681,15.755514109852347,9.588019818233251,54.45998832340759
data_recortado/dataset_5_recortado/val\Carlos_Menem\Carlos_Menem_0004.jpg,Carlos_Menem,Carlos_Menem,0.9353196620941162,1,19.592495381517804,15.33539422631071,10.002948190344128,55.06916220182736
data_recortado/dataset_5_recortado/val\Carlos_Menem\Carlos_Menem_0008.jpg,Carlos_Menem,Carlos_Menem,0.6243495941162109,1,20.319720702316065,14.936563549310998,10.088614268364617,54.65510148000832
data_recortado/dataset_5_recortado/val\Carlos_Menem\Carlos_Menem_0009.jpg,Carlos_Menem,Carlos_Menem,0.6371907591819763,1,19.31960824945738,14.474003834202952,7.543277135135827,58.66311078120384
data_recortado/dataset_5_recortado/val\Carlos_Menem\Carlos_Menem_0021.jpg,Carlos_Menem,Carlos_Menem,0.9352303147315979,1,20.37605826214665,14.469648212340802,9.269498695142882,55.884794830369664
data_recortado/dataset_5_recortado/val\Carlos_Moya\Carlos_Moya_0001.jpg,Carlos_Moya,Carlos_Moya,0.8689252734184265,1,9.977731741851455,11.498515470404866,18.917226514363136,59.606526273380545
data_recortado/dataset_5_recortado/val\Carlos_Moya\Carlos_Moya_0004.jpg,Carlos_Moya,Carlos_Moya,0.6997332572937012,1,5.861815759202235,9.382193006823563,21.69332215782031,63.06266907615389
data_recortado/dataset_5_recortado/val\Carlos_Moya\Carlos_Moya_0008.jpg,Carlos_Moya,Carlos_Moya,0.6738102436065674,1,9.319252471399897,10.879330016397564,19.384468389363306,60.416949122839235
data_recortado/dataset_5_recortado/val\Carlos_Moya\Carlos_Moya_0009.jpg,Carlos_Moya,Carlos_Moya,0.15255369246006012,1,2.551498317777942,7.060373351739383,26.17310435362396,64.21502397685872
data_recortado/dataset_5_recortado/val\Carmen_Electra\Carmen_Electra_0001.jpg,Carmen_Electra,Renee_Zellweger,0.029193470254540443,0,19.28254638229157,16.742578323910294,7.732416518645984,56.24245877515215
data_recortado/dataset_5_recortado/val\Carmen_Electra\Carmen_Electra_0006.jpg,Carmen_Electra,Andy_Roddick,0.04503593221306801,0,11.178375343424682,6.579920556434255,7.557148352913377,74.68455574722769
data_recortado/dataset_5_recortado/val\Carrie-Anne_Moss\Carrie-Anne_Moss_0001.jpg,Carrie-Anne_Moss,Salma_Hayek,0.07099630683660507,0,22.55581212343264,9.392213485119086,3.8569143275552062,64.19506006389307
data_recortado/dataset_5_recortado/val\Catherine_Deneuve\Catherine_Deneuve_0001.jpg,Catherine_Deneuve,Catherine_Deneuve,0.12059248238801956,1,9.626026511334963,12.969178916836803,19.829442125712358,57.57535244611587
data_recortado/dataset_5_recortado/val\Catherine_Zeta-Jones\Catherine_Zeta-Jones_0001.jpg,Catherine_Zeta-Jones,Catherine_Zeta-Jones,0.519467294216156,1,18.98173014767194,12.996167451637545,7.738417516986324,60.28368488370419
data_recortado/dataset_5_recortado/val\Catherine_Zeta-Jones\Catherine_Zeta-Jones_0002.jpg,Catherine_Zeta-Jones,Catherine_Zeta-Jones,0.6794834136962891,1,17.914953933997463,11.702391493187125,8.44685324318078,61.93580132963463
data_recortado/dataset_5_recortado/val\Catherine_Zeta-Jones\Catherine_Zeta-Jones_0011.jpg,Catherine_Zeta-Jones,John_Bolton,0.03895808756351471,0,23.17701958199297,5.265125472687897,5.235636777253385,66.32221816806575
data_recortado/dataset_5_recortado/val\Celine_Dion\Celine_Dion_0001.jpg,Celine_Dion,Britney_Spears,0.10451213270425797,0,21.159314320337227,13.090627656310524,8.937432880032546,56.8126251433197
data_recortado/dataset_5_recortado/val\Celine_Dion\Celine_Dion_0002.jpg,Celine_Dion,Celine_Dion,0.052940987050533295,1,9.167941848095825,4.006551086608322,13.422072947262748,73.4034341180331
data_recortado/dataset_5_recortado/val\Cesar_Gaviria\Cesar_Gaviria_0001.jpg,Cesar_Gaviria,Jennifer_Aniston,0.05986693874001503,0,23.839603060252934,11.287095482930892,4.87733446409121,59.995966992724966
data_recortado/dataset_5_recortado/val\Cesar_Gaviria\Cesar_Gaviria_0002.jpg,Cesar_Gaviria,Jack_Straw,0.06756648421287537,0,20.434591719464777,9.072022816752392,5.441171639793047,65.05221382398979
data_recortado/dataset_5_recortado/val\Chanda_Rubin\Chanda_Rubin_0001.jpg,Chanda_Rubin,Tiger_Woods,0.06355616450309753,0,8.231909611042303,11.060290677530237,19.34224952194669,61.36555018948077
data_recortado/dataset_5_recortado/val\Charles_Moose\Charles_Moose_0001.jpg,Charles_Moose,Charles_Moose,0.8976113200187683,1,14.217910648289507,15.234454556001381,15.147135892950669,55.40049890275844
data_recortado/dataset_5_recortado/val\Charles_Moose\Charles_Moose_0002.jpg,Charles_Moose,Charles_Moose,0.538846492767334,1,13.551086873919184,15.067408855548184,15.246613046290703,56.13489122424193
data_recortado/dataset_5_recortado/val\Charles_Moose\Charles_Moose_0011.jpg,Charles_Moose,Charles_Moose,0.14131832122802734,1,7.161581842401719,9.941617548695874,20.587263532970084,62.309537075932326
data_recortado/dataset_5_recortado/val\Charles_Taylor\Charles_Taylor_0001.jpg,Charles_Taylor,Charles_Taylor,0.2699161469936371,1,10.692222039075665,11.797634346967893,16.99869749573256,60.51144611822388
data_recortado/dataset_5_recortado/val\Charles_Taylor\Charles_Taylor_0002.jpg,Charles_Taylor,Charles_Taylor,0.5823915004730225,1,12.172385738917935,12.393995406375666,15.26771568033121,60.16590317437519
data_recortado/dataset_5_recortado/val\Charlton_Heston\Charlton_Heston_0001.jpg,Charlton_Heston,Charlton_Heston,0.17066790163516998,1,17.42421618991004,5.796869776700362,9.995940556012291,66.78297347737731
data_recortado/dataset_5_recortado/val\Charlton_Heston\Charlton_Heston_0006.jpg,Charlton_Heston,Tony_Blair,0.1865205317735672,0,21.49225236715641,24.97105821713829,10.658461001086792,42.87822841461851
data_recortado/dataset_5_recortado/val\Chen_Shui-bian\Chen_Shui-bian_0001.jpg,Chen_Shui-bian,Roh_Moo-hyun,0.0469084195792675,0,16.19483250590283,17.05120476058253,10.262664880615274,56.491297852899365
data_recortado/dataset_5_recortado/val\Choi_Sung-hong\Choi_Sung-hong_0001.jpg,Choi_Sung-hong,George_W_Bush,0.10400190204381943,0,2.1349780853295792,2.185126606414346,10.457279601696916,85.22261570655917
data_recortado/dataset_5_recortado/val\Christine_Baumgartner\Christine_Baumgartner_0001.jpg,Christine_Baumgartner,Christine_Baumgartner,0.2857307195663452,1,16.745401090386302,14.697643263624931,10.346885910008266,58.2100697359805
data_recortado/dataset_5_recortado/val\Christine_Todd_Whitman\Christine_Todd_Whitman_0001.jpg,Christine_Todd_Whitman,Donald_Rumsfeld,0.03857560083270073,0,19.24164580317238,15.87636060840762,8.378891255393293,56.50310233302671
data_recortado/dataset_5_recortado/val\Christine_Todd_Whitman\Christine_Todd_Whitman_0006.jpg,Christine_Todd_Whitman,Gerhard_Schroeder,0.030559303238987923,0,7.124020024557788,3.7001780368746506,14.008821440627862,75.1669804979397
data_recortado/dataset_5_recortado/val\Ciro_Gomes\Ciro_Gomes_0001.jpg,Ciro_Gomes,Ciro_Gomes,0.15823861956596375,1,15.295806570234324,12.742207884195018,11.336811988462753,60.62517355710791
data_recortado/dataset_5_recortado/val\Clara_Harris\Clara_Harris_0001.jpg,Clara_Harris,Clara_Harris,0.26049935817718506,1,15.676299176733,14.048715526212021,10.675685433460995,59.599299863593984
data_recortado/dataset_5_recortado/val\Claudia_Pechstein\Claudia_Pechstein_0001.jpg,Claudia_Pechstein,Meryl_Streep,0.0820193961262703,0,17.689034266913644,15.843378076644923,13.429466437924177,53.038121218517254
data_recortado/dataset_5_recortado/val\Clay_Aiken\Clay_Aiken_0001.jpg,Clay_Aiken,Clay_Aiken,0.10293886065483093,1,16.98768759257321,13.085588742673457,11.069465789448909,58.85725787530442
data_recortado/dataset_5_recortado/val\Clay_Aiken\Clay_Aiken_0006.jpg,Clay_Aiken,Clay_Aiken,0.4502106308937073,1,15.157080294553014,15.596673092134985,16.91200270704327,52.33424390626873
data_recortado/dataset_5_recortado/val\Clint_Eastwood\Clint_Eastwood_0001.jpg,Clint_Eastwood,Arnold_Schwarzenegger,0.05030832439661026,0,0.6558611096576973,4.682732349068035,28.98906457564977,65.6723419656245
data_recortado/dataset_5_recortado/val\Clint_Eastwood\Clint_Eastwood_0006.jpg,Clint_Eastwood,John_Ashcroft,0.03790464624762535,0,15.993689941953587,15.073497662837006,10.200992471533786,58.73181992367562
data_recortado/dataset_5_recortado/val\Colin_Farrell\Colin_Farrell_0001.jpg,Colin_Farrell,Colin_Farrell,0.610646665096283,1,10.073352254577324,12.07293207978272,17.121040583818186,60.73267508182177
