imagem,real,pred,confidence,correta,olhos,nariz,boca,fundo
data/dataset_5/val\Abdullah_Gul\Abdullah_Gul_0001.jpg,Abdullah_Gul,Abdullah_Gul,0.9994124174118042,1,10.206391399732205,11.139000105380232,18.185956787074815,60.46865170781275
data/dataset_5/val\Abdullah_Gul\Abdullah_Gul_0004.jpg,Abdullah_Gul,Abdullah_Gul,0.9987364411354065,1,7.866224858650235,9.676406811092953,19.03705519002149,63.42031314023532
data/dataset_5/val\Abdullah_Gul\Abdullah_Gul_0008.jpg,Abdullah_Gul,Abdullah_Gul,0.9995262622833252,1,8.118686724554243,9.565958566128826,18.538534967716913,63.77681974160002
data/dataset_5/val\Abdullah_Gul\Abdullah_Gul_0009.jpg,Abdullah_Gul,Abdullah_Gul,0.9983214735984802,1,9.18158246242979,10.687651144492957,18.75812728363879,61.37263910943847
data/dataset_5/val\Adrien_Brody\Adrien_Brody_0001.jpg,Adrien_Brody,Adrien_Brody,0.9985213875770569,1,17.907107901395285,13.008921761782744,12.3295613995646,56.75440893725737
data/dataset_5/val\Adrien_Brody\Adrien_Brody_0002.jpg,Adrien_Brody,Adrien_Brody,0.5087334513664246,1,20.324593167196895,7.14264276262955,3.2729224541497457,69.2598416160238
data/dataset_5/val\Adrien_Brody\Adrien_Brody_0011.jpg,Adrien_Brody,Adrien_Brody,0.8457264304161072,1,18.242663184390704,11.75423904185166,5.939137598167029,64.06396017559061
data/dataset_5/val\Ahmed_Chalabi\Ahmed_Chalabi_0001.jpg,Ahmed_Chalabi,Ahmed_Chalabi,0.2791087031364441,1,13.993867460464864,13.525853342852129,11.633681576240363,60.846597620442644
data/dataset_5/val\Ai_Sugiyama\Ai_Sugiyama_0001.jpg,Ai_Sugiyama,Ai_Sugiyama,0.4855482876300812,1,17.29660544253891,7.249335406401962,11.49584729653856,63.95821185452056
data/dataset_5/val\Al_Gore\Al_Gore_0001.jpg,Al_Gore,Al_Gore,0.6684215068817139,1,16.144224761696,16.29119481210192,16.123564867843427,51.44101555835865
data/dataset_5/val\Al_Gore\Al_Gore_0002.jpg,Al_Gore,Al_Gore,0.9805179834365845,1,12.743606529134667,13.993744776174848,17.781304333862813,55.48134436082767
data/dataset_5/val\Al_Sharpton\Al_Sharpton_0001.jpg,Al_Sharpton,Al_Sharpton,0.327126145362854,1,12.204123979267449,13.625593667270865,17.413387329757658,56.756895023704026
data/dataset_5/val\Al_Sharpton\Al_Sharpton_0006.jpg,Al_Sharpton,Al_Sharpton,0.9125341773033142,1,11.309296275142811,13.694073768262168,16.677570507717526,58.319059448877496
data/dataset_5/val\Alan_Greenspan\Alan_Greenspan_0001.jpg,Alan_Greenspan,Alan_Greenspan,0.6646420955657959,1,11.981859714202857,13.519030135080369,18.410110775865316,56.08899937485146
data/dataset_5/val\Alastair_Campbell\Alastair_Campbell_0001.jpg,Alastair_Campbell,Alastair_Campbell,0.36465364694595337,1,21.00379245516745,21.492578942573218,12.053969675397141,45.44965892686219
data/dataset_5/val\Albert_Costa\Albert_Costa_0001.jpg,Albert_Costa,Albert_Costa,0.9775036573410034,1,20.494879558810684,13.212711337467866,10.103762846984033,56.188646256737414
data/dataset_5/val\Albert_Costa\Albert_Costa_0006.jpg,Albert_Costa,Albert_Costa,0.8457698822021484,1,21.258585187629837,13.744812927606203,11.172421409653342,53.824180475110616
data/dataset_5/val\Alejandro_Toledo\Alejandro_Toledo_0002.jpg,Alejandro_Toledo,Alejandro_Toledo,0.9992228746414185,1,20.140178432225227,9.951974487789265,10.35656292505997,59.55128415492554
data/dataset_5/val\Alejandro_Toledo\Alejandro_Toledo_0006.jpg,Alejandro_Toledo,Alejandro_Toledo,0.9989225268363953,1,21.049146814011213,9.900413754931732,8.72840393878197,60.322035492275084
data/dataset_5/val\Alejandro_Toledo\Alejandro_Toledo_0007.jpg,Alejandro_Toledo,Alejandro_Toledo,0.9992988109588623,1,19.75709031204145,10.33025922245844,12.469405153445372,57.44324531205474
data/dataset_5/val\Alejandro_Toledo\Alejandro_Toledo_0008.jpg,Alejandro_Toledo,Alejandro_Toledo,0.99947589635849,1,20.328136887701824,9.908138588904423,9.595936744960095,60.167787778433656
data/dataset_5/val\Alejandro_Toledo\Alejandro_Toledo_0009.jpg,Alejandro_Toledo,Alejandro_Toledo,0.9983773231506348,1,21.39212916707434,10.90987895558459,8.925218414455276,58.77277346288579
data/dataset_5/val\Alejandro_Toledo\Alejandro_Toledo_0015.jpg,Alejandro_Toledo,Alejandro_Toledo,0.9997159838676453,1,22.206501094664052,12.414678562434927,10.314289350816606,55.064530992084414
data/dataset_5/val\Alejandro_Toledo\Alejandro_Toledo_0016.jpg,Alejandro_Toledo,Alejandro_Toledo,0.9989455342292786,1,21.138508890557326,11.36238987446985,10.82012508301284,56.678976151959986
data/dataset_5/val\Alejandro_Toledo\Alejandro_Toledo_0018.jpg,Alejandro_Toledo,Alejandro_Toledo,0.9799512624740601,1,19.174283738715737,11.48945111760792,12.646857952142925,56.68940719153342
data/dataset_5/val\Ali_Naimi\Ali_Naimi_0001.jpg,Ali_Naimi,Ali_Naimi,0.9060944318771362,1,19.302557935297926,14.841363676943544,10.432267721644989,55.42381066611354
data/dataset_5/val\Ali_Naimi\Ali_Naimi_0002.jpg,Ali_Naimi,Ali_Naimi,0.9963085055351257,1,14.70977320682549,13.90697952527157,15.064048168059657,56.31919909984328
data/dataset_5/val\Allyson_Felix\Allyson_Felix_0001.jpg,Allyson_Felix,Serena_Williams,0.6308196783065796,0,12.906197138358648,4.854397564717583,12.290724298848668,69.9486809980751
data/dataset_5/val\Alvaro_Uribe\Alvaro_Uribe_0002.jpg,Alvaro_Uribe,Alvaro_Uribe,0.9787893295288086,1,9.866762203107022,11.693733980881705,20.64545409517573,57.794049720835545
data/dataset_5/val\Alvaro_Uribe\Alvaro_Uribe_0005.jpg,Alvaro_Uribe,Alvaro_Uribe,0.9994620680809021,1,10.350282798306964,7.534369324465545,18.432448054731932,63.68289982249556
data/dataset_5/val\Alvaro_Uribe\Alvaro_Uribe_0008.jpg,Alvaro_Uribe,Alvaro_Uribe,0.9894925355911255,1,14.17788422411872,10.546392885901406,15.568591389387864,59.707131500592006
data/dataset_5/val\Alvaro_Uribe\Alvaro_Uribe_0016.jpg,Alvaro_Uribe,Alvaro_Uribe,0.999383807182312,1,9.396745640133371,7.632215807633422,19.599039772000456,63.37199878023275
data/dataset_5/val\Alvaro_Uribe\Alvaro_Uribe_0018.jpg,Alvaro_Uribe,Alvaro_Uribe,0.9993950128555298,1,12.293858948484672,11.61391456787178,18.292387514008443,57.799838969635104
data/dataset_5/val\Alvaro_Uribe\Alvaro_Uribe_0024.jpg,Alvaro_Uribe,Alvaro_Uribe,0.9988462924957275,1,11.291139898584282,8.897032253286577,18.024604457756585,61.78722339037256
data/dataset_5/val\Alvaro_Uribe\Alvaro_Uribe_0035.jpg,Alvaro_Uribe,Alvaro_Uribe,0.9871127009391785,1,15.922111143551433,12.418168200892243,15.975043411284831,55.68467724427149
data/dataset_5/val\Amelia_Vega\Amelia_Vega_0001.jpg,Amelia_Vega,Amelia_Vega,0.9809843301773071,1,20.325846953767797,16.884232989216184,9.555361033153911,53.234559023862104
data/dataset_5/val\Amelia_Vega\Amelia_Vega_0006.jpg,Amelia_Vega,Amelia_Vega,0.4250107407569885,1,18.562880360335566,16.697598314633172,11.664998591515744,53.07452273351552
data/dataset_5/val\Amelie_Mauresmo\Amelie_Mauresmo_0001.jpg,Amelie_Mauresmo,Amelie_Mauresmo,0.9928295016288757,1,12.772957296985147,13.789632589937867,20.324090944646585,53.1133191684304
data/dataset_5/val\Amelie_Mauresmo\Amelie_Mauresmo_0004.jpg,Amelie_Mauresmo,Amelie_Mauresmo,0.9864935874938965,1,12.159038150589879,14.20924098087748,20.118198717731534,53.51352215080111
data/dataset_5/val\Amelie_Mauresmo\Amelie_Mauresmo_0008.jpg,Amelie_Mauresmo,Amelie_Mauresmo,0.9978557229042053,1,8.245602408912687,9.552102188886579,21.603861160436406,60.59843424176433
data/dataset_5/val\Amelie_Mauresmo\Amelie_Mauresmo_0009.jpg,Amelie_Mauresmo,Amelie_Mauresmo,0.9981220364570618,1,13.023385696563986,11.054093029840631,17.529191356507766,58.39332991708761
data/dataset_5/val\Amelie_Mauresmo\Amelie_Mauresmo_0021.jpg,Amelie_Mauresmo,Amelie_Mauresmo,0.15806248784065247,1,13.426915585666949,13.828898483796795,17.25240147701754,55.49178445351872
data/dataset_5/val\Ana_Guevara\Ana_Guevara_0001.jpg,Ana_Guevara,Ana_Guevara,0.34894323348999023,1,10.787725093824829,3.3726211772341586,18.111531316844385,67.72812241209662
data/dataset_5/val\Ana_Guevara\Ana_Guevara_0006.jpg,Ana_Guevara,Ana_Guevara,0.8911134600639343,1,12.184150218740525,10.904403979498241,20.048422930277443,56.86302287148379
data/dataset_5/val\Ana_Palacio\Ana_Palacio_0001.jpg,Ana_Palacio,Ana_Palacio,0.1874869465827942,1,16.25868691945427,12.832940760381133,12.369510069039391,58.53886225112521
data/dataset_5/val\Ana_Palacio\Ana_Palacio_0002.jpg,Ana_Palacio,Alejandro_Toledo,0.37102359533309937,0,17.062260452853582,3.904507258393124,11.622205858912322,67.41102642984097
data/dataset_5/val\Andre_Agassi\Andre_Agassi_0002.jpg,Andre_Agassi,Andre_Agassi,0.9994866847991943,1,19.580597485532756,9.28070659057812,9.453738598701433,61.68495732518769
data/dataset_5/val\Andre_Agassi\Andre_Agassi_0004.jpg,Andre_Agassi,Andre_Agassi,0.9989407658576965,1,19.681318119980762,11.757385367246707,12.190081869516737,56.37121464325579
data/dataset_5/val\Andre_Agassi\Andre_Agassi_0005.jpg,Andre_Agassi,Andre_Agassi,0.8116301894187927,1,14.826775569725141,5.364332055872731,11.216971923532121,68.59192045087
data/dataset_5/val\Andre_Agassi\Andre_Agassi_0008.jpg,Andre_Agassi,Andre_Agassi,0.9969910383224487,1,20.53875429566527,11.221586878938398,9.453913578767418,58.78574524662891
data/dataset_5/val\Andre_Agassi\Andre_Agassi_0015.jpg,Andre_Agassi,Andre_Agassi,0.9998242259025574,1,20.256884061010883,9.161132441252143,8.421081062866001,62.16090243487097
data/dataset_5/val\Andre_Agassi\Andre_Agassi_0016.jpg,Andre_Agassi,Andre_Agassi,0.9998756647109985,1,20.028930771016167,8.506858132430198,8.584955728596007,62.879255367957626
data/dataset_5/val\Andre_Agassi\Andre_Agassi_0018.jpg,Andre_Agassi,Andre_Agassi,0.9996726512908936,1,19.001709284407475,7.572737761989922,9.016345834803687,64.40920711879892
data/dataset_5/val\Andre_Agassi\Andre_Agassi_0024.jpg,Andre_Agassi,Andre_Agassi,0.999579131603241,1,17.918908766507613,11.429509112321863,14.499431184734314,56.15215093643621
data/dataset_5/val\Andy_Roddick\Andy_Roddick_0001.jpg,Andy_Roddick,Andy_Roddick,0.9647699594497681,1,17.179877971455916,17.035172779808754,10.84396944385671,54.94097980487862
data/dataset_5/val\Andy_Roddick\Andy_Roddick_0002.jpg,Andy_Roddick,John_Negroponte,0.11923997849225998,0,17.899943410327975,18.067453927461184,10.077055592319365,53.95554706989147
data/dataset_5/val\Andy_Roddick\Andy_Roddick_0011.jpg,Andy_Roddick,Andy_Roddick,0.9665039777755737,1,14.173088147089308,12.955903141544061,15.45922029067242,57.411788420694215
data/dataset_5/val\Angela_Bassett\Angela_Bassett_0001.jpg,Angela_Bassett,Angela_Bassett,0.9755717515945435,1,8.514789026047335,8.817691789895761,20.746793484073468,61.920725699983436
data/dataset_5/val\Angela_Bassett\Angela_Bassett_0006.jpg,Angela_Bassett,Serena_Williams,0.23848609626293182,0,3.693801759410325,5.970785632735788,19.41916894340884,70.91624366444505
data/dataset_5/val\Angela_Merkel\Angela_Merkel_0001.jpg,Angela_Merkel,Angela_Merkel,0.9446917772293091,1,13.041831030712334,11.418913260115138,15.048284493750138,60.49097121542239
data/dataset_5/val\Angelina_Jolie\Angelina_Jolie_0001.jpg,Angelina_Jolie,Angelina_Jolie,0.9250732660293579,1,20.179374837149332,3.724480249011784,6.694265271885871,69.40187964195302
data/dataset_5/val\Angelina_Jolie\Angelina_Jolie_0004.jpg,Angelina_Jolie,Angelina_Jolie,0.8908899426460266,1,16.45675039829965,4.888335273479388,11.328714869273607,67.32619945894736
data/dataset_5/val\Angelina_Jolie\Angelina_Jolie_0008.jpg,Angelina_Jolie,Angelina_Jolie,0.9943305253982544,1,21.587381000327248,4.51707461043161,6.025895911108337,67.8696484781328
data/dataset_5/val\Angelina_Jolie\Angelina_Jolie_0009.jpg,Angelina_Jolie,Angelina_Jolie,0.9762086868286133,1,14.352594845518995,4.486244247162215,11.979131977525086,69.1820289297937
data/dataset_5/val\Ann_Veneman\Ann_Veneman_0001.jpg,Ann_Veneman,Ann_Veneman,0.9961357712745667,1,14.477606706540104,14.889745166765875,13.891272266315157,56.74137586037887
data/dataset_5/val\Ann_Veneman\Ann_Veneman_0002.jpg,Ann_Veneman,Ann_Veneman,0.9960418939590454,1,12.934930883926043,13.21188473231383,15.024521670053993,58.82866271370613
data/dataset_5/val\Ann_Veneman\Ann_Veneman_0011.jpg,Ann_Veneman,Ann_Veneman,0.9688819646835327,1,12.7799345185041,13.219069090058465,14.860372590576606,59.14062380086083
data/dataset_5/val\Anna_Kournikova\Anna_Kournikova_0001.jpg,Anna_Kournikova,Serena_Williams,0.051824312657117844,0,12.90744913915793,2.217917861790763,11.077211605442983,73.79742139360833
data/dataset_5/val\Anna_Kournikova\Anna_Kournikova_0002.jpg,Anna_Kournikova,Kim_Clijsters,0.2461012750864029,0,20.819730975382676,14.014463158704647,14.149938746131086,51.01586711978159
data/dataset_5/val\Anna_Kournikova\Anna_Kournikova_0011.jpg,Anna_Kournikova,Anna_Kournikova,0.1585742086172104,1,10.010603119499933,7.323577928584187,18.77135575247017,63.89446319944571
data/dataset_5/val\Antonio_Banderas\Antonio_Banderas_0001.jpg,Antonio_Banderas,Gerry_Adams,0.7606421709060669,0,14.665012701840876,14.83669987343558,11.737287244162408,58.76100018056114
data/dataset_5/val\Antonio_Palocci\Antonio_Palocci_0001.jpg,Antonio_Palocci,Antonio_Palocci,0.9752123355865479,1,11.932379776338612,12.86351280478531,15.152362965826844,60.05174445304923
data/dataset_5/val\Antonio_Palocci\Antonio_Palocci_0002.jpg,Antonio_Palocci,Antonio_Palocci,0.9974517226219177,1,12.528141662421634,13.63515684888534,15.525025632342714,58.31167585635031
data/dataset_5/val\Ari_Fleischer\Ari_Fleischer_0001.jpg,Ari_Fleischer,Ari_Fleischer,0.7311934232711792,1,18.01093128529545,15.590326121585829,14.005246417894783,52.39349617522394
data/dataset_5/val\Ari_Fleischer\Ari_Fleischer_0002.jpg,Ari_Fleischer,Ari_Fleischer,0.9987925291061401,1,19.745602701964014,9.95393773822499,8.40795461047095,61.892504949340044
data/dataset_5/val\Ari_Fleischer\Ari_Fleischer_0011.jpg,Ari_Fleischer,Ari_Fleischer,0.9997547268867493,1,19.082077461893427,11.978392818704299,9.233412054505239,59.706117664897036
data/dataset_5/val\Ariel_Sharon\Ariel_Sharon_0004.jpg,Ariel_Sharon,Ariel_Sharon,0.9997788071632385,1,13.797573064271496,14.505330513622853,12.77406635396739,58.92303006813826
data/dataset_5/val\Ariel_Sharon\Ariel_Sharon_0005.jpg,Ariel_Sharon,Ariel_Sharon,0.9998323917388916,1,12.984242911290533,13.92055659794481,13.608460702450449,59.48673978831421
data/dataset_5/val\Ariel_Sharon\Ariel_Sharon_0012.jpg,Ariel_Sharon,Ariel_Sharon,0.9999301433563232,1,13.799499098426795,14.81618302654744,13.297060710191625,58.08725716483414
data/dataset_5/val\Ariel_Sharon\Ariel_Sharon_0014.jpg,Ariel_Sharon,Ariel_Sharon,0.9998447895050049,1,13.779081798331395,14.701695016505791,13.3889451444575,58.13027804070531
data/dataset_5/val\Ariel_Sharon\Ariel_Sharon_0015.jpg,Ariel_Sharon,Ariel_Sharon,0.9998763799667358,1,14.46688231850848,15.070307325776607,12.808513529456658,57.65429682625825
data/dataset_5/val\Ariel_Sharon\Ariel_Sharon_0018.jpg,Ariel_Sharon,Ariel_Sharon,0.9952138662338257,1,10.621168943310359,12.660406993264798,17.07704372158102,59.64138034184382
data/dataset_5/val\Ariel_Sharon\Ariel_Sharon_0028.jpg,Ariel_Sharon,Ariel_Sharon,0.9995438456535339,1,13.50635029104426,14.346476931710272,13.766454784803383,58.38071799244209
data/dataset_5/val\Ariel_Sharon\Ariel_Sharon_0029.jpg,Ariel_Sharon,Ariel_Sharon,0.9996098875999451,1,12.6249799980334,13.78476481187785,14.178347955531056,59.411907234557695
data/dataset_5/val\Ariel_Sharon\Ariel_Sharon_0032.jpg,Ariel_Sharon,Ariel_Sharon,0.9998936653137207,1,13.561016827357536,14.939770157198014,13.612297964913418,57.88691505053103
data/dataset_5/val\Ariel_Sharon\Ariel_Sharon_0033.jpg,Ariel_Sharon,Ariel_Sharon,0.9998880624771118,1,13.389818620391132,14.27055911098272,13.218053273470721,59.12156899515543
data/dataset_5/val\Ariel_Sharon\Ariel_Sharon_0036.jpg,Ariel_Sharon,Ariel_Sharon,0.9996028542518616,1,13.481767818166752,14.054618773740478,13.605731012287091,58.85788239580568
data/dataset_5/val\Ariel_Sharon\Ariel_Sharon_0055.jpg,Ariel_Sharon,Ariel_Sharon,0.9998983144760132,1,13.806607071365878,14.453452405118231,13.105894380744312,58.63404614277158
data/dataset_5/val\Ariel_Sharon\Ariel_Sharon_0069.jpg,Ariel_Sharon,Ariel_Sharon,0.9999148845672607,1,14.329309276097874,14.782895453775668,12.879394729843886,58.00840054028257
data/dataset_5/val\Ariel_Sharon\Ariel_Sharon_0070.jpg,Ariel_Sharon,Ariel_Sharon,0.9998693466186523,1,13.522987960637446,14.792502223063824,14.737249701412116,56.94726011488662
data/dataset_5/val\Ariel_Sharon\Ariel_Sharon_0076.jpg,Ariel_Sharon,Ariel_Sharon,0.9997624754905701,1,12.219176899971963,13.140229255513049,14.357615654966834,60.28297818954815
data/dataset_5/val\Ariel_Sharon\Ariel_Sharon_0077.jpg,Ariel_Sharon,Ariel_Sharon,0.9998557567596436,1,13.44904232970855,14.27850007541049,13.865732400770916,58.406725194110045
data/dataset_5/val\Arminio_Fraga\Arminio_Fraga_0001.jpg,Arminio_Fraga,Arminio_Fraga,0.28707531094551086,1,9.790826856135546,11.710920514617722,15.893744584310111,62.60450804493662
data/dataset_5/val\Arminio_Fraga\Arminio_Fraga_0006.jpg,Arminio_Fraga,Arminio_Fraga,0.9169830083847046,1,10.795857849583532,12.073707156567844,18.376992250418493,58.75344274343013
data/dataset_5/val\Arnold_Schwarzenegger\Arnold_Schwarzenegger_0002.jpg,Arnold_Schwarzenegger,Arnold_Schwarzenegger,0.9917585253715515,1,17.732301466059262,9.20815024532291,10.115680792271709,62.943867496346115
data/dataset_5/val\Arnold_Schwarzenegger\Arnold_Schwarzenegger_0006.jpg,Arnold_Schwarzenegger,Arnold_Schwarzenegger,0.9585458040237427,1,20.111918061002054,14.612249127539485,8.172241181228957,57.1035916302295
data/dataset_5/val\Arnold_Schwarzenegger\Arnold_Schwarzenegger_0007.jpg,Arnold_Schwarzenegger,Arnold_Schwarzenegger,0.9988705515861511,1,17.601428651615038,13.126149394377629,10.188849115956021,59.08357283805131
data/dataset_5/val\Arnold_Schwarzenegger\Arnold_Schwarzenegger_0008.jpg,Arnold_Schwarzenegger,Robert_Blake,0.1568971872329712,0,12.425850079927793,8.304018500052598,17.283514194708946,61.98661722531066
data/dataset_5/val\Arnold_Schwarzenegger\Arnold_Schwarzenegger_0009.jpg,Arnold_Schwarzenegger,Arnold_Schwarzenegger,0.9958862662315369,1,17.27472091388843,11.471920746831616,9.962010255174876,61.291348084105074
data/dataset_5/val\Arnold_Schwarzenegger\Arnold_Schwarzenegger_0015.jpg,Arnold_Schwarzenegger,Arnold_Schwarzenegger,0.9272666573524475,1,18.22896810153858,14.310659587622062,9.900083832645898,57.56028847819346
data/dataset_5/val\Arnold_Schwarzenegger\Arnold_Schwarzenegger_0016.jpg,Arnold_Schwarzenegger,Arnold_Schwarzenegger,0.9993898868560791,1,18.13933094848793,13.186376762634897,10.663792343347328,58.010499945529844
data/dataset_5/val\Arnold_Schwarzenegger\Arnold_Schwarzenegger_0018.jpg,Arnold_Schwarzenegger,Arnold_Schwarzenegger,0.8785762190818787,1,19.583993944638085,10.633255254747098,7.4626987286716515,62.32005207194317
data/dataset_5/val\Arnold_Schwarzenegger\Arnold_Schwarzenegger_0041.jpg,Arnold_Schwarzenegger,Arnold_Schwarzenegger,0.9973784685134888,1,18.280056990624644,11.978614409405877,9.415143073785487,60.32618552618399
data/dataset_5/val\Arnoldo_Aleman\Arnoldo_Aleman_0001.jpg,Arnoldo_Aleman,Arnoldo_Aleman,0.3892010748386383,1,8.248077335242916,9.367939912581539,19.810873427502266,62.573109324673275
data/dataset_5/val\Ashanti\Ashanti_0001.jpg,Ashanti,Ashanti,0.8711295127868652,1,6.652067364576266,8.94738950324522,21.198225886081175,63.20231724609734
data/dataset_5/val\Atal_Bihari_Vajpayee\Atal_Bihari_Vajpayee_0001.jpg,Atal_Bihari_Vajpayee,Atal_Bihari_Vajpayee,0.9999746084213257,1,12.360833308554502,12.877886093216034,16.258672294454172,58.50260830377529
data/dataset_5/val\Atal_Bihari_Vajpayee\Atal_Bihari_Vajpayee_0004.jpg,Atal_Bihari_Vajpayee,Atal_Bihari_Vajpayee,0.9962899684906006,1,12.0533847555276,12.714612469623404,16.898695775274952,58.33330699957404
data/dataset_5/val\Atal_Bihari_Vajpayee\Atal_Bihari_Vajpayee_0008.jpg,Atal_Bihari_Vajpayee,Atal_Bihari_Vajpayee,0.9998401403427124,1,12.606938889280514,12.780390183339694,16.456222166082586,58.156448761297206
data/dataset_5/val\Atal_Bihari_Vajpayee\Atal_Bihari_Vajpayee_0009.jpg,Atal_Bihari_Vajpayee,Atal_Bihari_Vajpayee,0.9998852014541626,1,12.13218695629873,14.162001790214365,17.312589577784824,56.39322167570208
data/dataset_5/val\Atal_Bihari_Vajpayee\Atal_Bihari_Vajpayee_0021.jpg,Atal_Bihari_Vajpayee,Atal_Bihari_Vajpayee,0.9066285490989685,1,11.813863884248324,12.585681275745095,15.464416154404162,60.136038685602415
data/dataset_5/val\Ben_Affleck\Ben_Affleck_0001.jpg,Ben_Affleck,Ben_Affleck,0.5000221729278564,1,7.709708519071799,10.423349120941996,19.798054806862933,62.068887553123275
data/dataset_5/val\Ben_Affleck\Ben_Affleck_0006.jpg,Ben_Affleck,Ben_Affleck,0.8855535387992859,1,10.760212867854928,9.844069501308923,15.64468268473294,63.75103494610321
data/dataset_5/val\Benazir_Bhutto\Benazir_Bhutto_0001.jpg,Benazir_Bhutto,Benazir_Bhutto,0.6344894170761108,1,17.839306759652704,14.871851269945916,14.182119900666082,53.1067220697353
data/dataset_5/val\Benjamin_Netanyahu\Benjamin_Netanyahu_0001.jpg,Benjamin_Netanyahu,Benjamin_Netanyahu,0.15811787545681,1,19.23982296098142,16.58191387969611,11.333848679247339,52.84441448007513
data/dataset_5/val\Bernard_Law\Bernard_Law_0001.jpg,Bernard_Law,Paul_ONeill,0.1565806269645691,0,20.60846541515314,15.919083746525503,9.42837704289779,54.044073795423564
data/dataset_5/val\Bertie_Ahern\Bertie_Ahern_0001.jpg,Bertie_Ahern,Bertie_Ahern,0.47992849349975586,1,19.022409693576307,16.60135380608016,10.624814949470055,53.751421550873474
data/dataset_5/val\Bill_Clinton\Bill_Clinton_0001.jpg,Bill_Clinton,Bill_Clinton,0.9989725351333618,1,18.843899713064165,14.498999766232899,17.960789681630605,48.69631083907233
data/dataset_5/val\Bill_Clinton\Bill_Clinton_0004.jpg,Bill_Clinton,Bill_Clinton,0.9998728036880493,1,16.099188127086872,9.4153026646657,14.448970864897749,60.03653834334968
data/dataset_5/val\Bill_Clinton\Bill_Clinton_0008.jpg,Bill_Clinton,Bill_Clinton,0.9982171654701233,1,21.639253562171223,14.146923761475634,13.124747540770496,51.08907513558265
data/dataset_5/val\Bill_Clinton\Bill_Clinton_0009.jpg,Bill_Clinton,Bill_Clinton,0.9822831749916077,1,13.85247022193911,9.978034180095452,16.180113311298218,59.98938228666722
data/dataset_5/val\Bill_Clinton\Bill_Clinton_0021.jpg,Bill_Clinton,Bill_Clinton,0.9998043179512024,1,18.345246769776463,10.435617449740663,12.913249743985807,58.305886036497064
data/dataset_5/val\Bill_Clinton\Bill_Clinton_0024.jpg,Bill_Clinton,Bill_Clinton,0.9991253018379211,1,11.643482631934102,10.624787389852086,17.80631410880206,59.92541586941175
data/dataset_5/val\Bill_Frist\Bill_Frist_0001.jpg,Bill_Frist,Bill_Frist,0.2257404774427414,1,17.398746975408415,12.274440180190005,12.111796107736962,58.215016736664616
data/dataset_5/val\Bill_Frist\Bill_Frist_0002.jpg,Bill_Frist,Bill_Frist,0.2477501481771469,1,18.556409460782714,15.39439275156753,9.722921769427614,56.32627601822214
data/dataset_5/val\Bill_Gates\Bill_Gates_0001.jpg,Bill_Gates,Bill_Gates,0.9928843975067139,1,13.498783143472268,14.891988866748067,15.17082370726247,56.4384042825172
data/dataset_5/val\Bill_Gates\Bill_Gates_0004.jpg,Bill_Gates,Bill_Gates,0.737968385219574,1,19.059096769094005,16.162631671431736,8.868409488637893,55.90986207083636
data/dataset_5/val\Bill_Gates\Bill_Gates_0005.jpg,Bill_Gates,Bill_Gates,0.9873402714729309,1,11.963140563935847,13.059149244885104,14.920677367230244,60.0570328239488
data/dataset_5/val\Bill_Gates\Bill_Gates_0012.jpg,Bill_Gates,Bill_Gates,0.9991822838783264,1,11.686598380003318,14.323353877325228,17.033545910170158,56.956501832501296
data/dataset_5/val\Bill_Graham\Bill_Graham_0001.jpg,Bill_Graham,Bill_Graham,0.7086461782455444,1,14.986206254913315,15.938110519404306,18.143627333761188,50.93205589192119
data/dataset_5/val\Bill_Graham\Bill_Graham_0002.jpg,Bill_Graham,Benjamin_Netanyahu,0.15489697456359863,0,9.397118234109298,11.546507003847802,17.33337064862761,61.72300411341529
data/dataset_5/val\Bill_McBride\Bill_McBride_0001.jpg,Bill_McBride,Bill_McBride,0.9864038228988647,1,21.87305249518539,11.915721398374268,6.173757250720015,60.03746885572033
data/dataset_5/val\Bill_McBride\Bill_McBride_0002.jpg,Bill_McBride,Bill_McBride,0.46183496713638306,1,20.94364806129378,12.82368297053485,5.598208294556051,60.63446067361532
data/dataset_5/val\Bill_Simon\Bill_Simon_0001.jpg,Bill_Simon,Bill_Simon,0.9885004758834839,1,20.956057460549122,13.517396888740818,10.870925792835285,54.655619857874775
data/dataset_5/val\Bill_Simon\Bill_Simon_0002.jpg,Bill_Simon,Bill_Simon,0.9811385273933411,1,16.31345036755553,10.825826065053832,15.468605971921164,57.39211759546947
data/dataset_5/val\Bill_Simon\Bill_Simon_0011.jpg,Bill_Simon,Bill_Simon,0.9988376498222351,1,15.376429051066856,13.651909105473624,17.794325951494084,53.177335891965434
data/dataset_5/val\Billy_Crystal\Billy_Crystal_0001.jpg,Billy_Crystal,Jean_Chretien,0.35972243547439575,0,21.224080881369833,15.08281545796974,7.4995321724944395,56.193571488165986
data/dataset_5/val\Billy_Crystal\Billy_Crystal_0006.jpg,Billy_Crystal,Billy_Crystal,0.1707478165626526,1,19.609881477170312,16.029541536316465,7.279056574235663,57.081520412277555
data/dataset_5/val\Binyamin_Ben-Eliezer\Binyamin_Ben-Eliezer_0001.jpg,Binyamin_Ben-Eliezer,Binyamin_Ben-Eliezer,0.9700634479522705,1,21.326673135106066,16.809089820740347,8.226235400675792,53.63800164347779
data/dataset_5/val\Binyamin_Ben-Eliezer\Binyamin_Ben-Eliezer_0006.jpg,Binyamin_Ben-Eliezer,Yao_Ming,0.11386379599571228,0,17.752406143756584,18.346818358181782,14.6743191828082,49.22645631525344
data/dataset_5/val\Bob_Graham\Bob_Graham_0001.jpg,Bob_Graham,Bob_Graham,0.522540807723999,1,17.331843538280257,19.463824956288377,12.29285693166903,50.911474573762334
data/dataset_5/val\Bob_Graham\Bob_Graham_0006.jpg,Bob_Graham,Geoff_Hoon,0.07293598353862762,0,18.58726380083843,18.081225830940337,8.974063802216634,54.3574465660046
data/dataset_5/val\Bob_Hope\Bob_Hope_0001.jpg,Bob_Hope,George_W_Bush,0.3644261658191681,0,11.790433561872534,10.00289430947271,13.450714212229906,64.75595791642485
data/dataset_5/val\Bob_Hope\Bob_Hope_0002.jpg,Bob_Hope,Bob_Hope,0.14394474029541016,1,11.367165101797728,13.999907419829395,16.607286163313223,58.02564131505965
data/dataset_5/val\Bob_Stoops\Bob_Stoops_0001.jpg,Bob_Stoops,Al_Gore,0.11508816480636597,0,7.70550158403775,10.841331346839418,20.272331741160826,61.18083532796201
data/dataset_5/val\Bob_Stoops\Bob_Stoops_0006.jpg,Bob_Stoops,Bob_Stoops,0.809989869594574,1,13.653223698941817,12.323451917657268,16.323349836825276,57.69997454657564
data/dataset_5/val\Boris_Becker\Boris_Becker_0001.jpg,Boris_Becker,Boris_Becker,0.8318973183631897,1,16.022338041499747,16.24197656716689,14.041861899423406,53.69382349190995
data/dataset_5/val\Boris_Becker\Boris_Becker_0006.jpg,Boris_Becker,Boris_Becker,0.18872703611850739,1,18.197452398910524,18.543414033038886,12.167247322937358,51.09188624511323
data/dataset_5/val\Brad_Johnson\Brad_Johnson_0001.jpg,Brad_Johnson,Brad_Johnson,0.09993329644203186,1,22.120784503632084,16.016697423567997,8.332251554952666,53.53026651784725
data/dataset_5/val\Britney_Spears\Britney_Spears_0001.jpg,Britney_Spears,Britney_Spears,0.9983609318733215,1,12.223524042327204,4.504059211892521,12.776696181506413,70.49572056427387
data/dataset_5/val\Britney_Spears\Britney_Spears_0002.jpg,Britney_Spears,Britney_Spears,0.9581964015960693,1,14.93709879581347,4.953775963763258,9.655933551681818,70.45319168874146
data/dataset_5/val\Britney_Spears\Britney_Spears_0011.jpg,Britney_Spears,Britney_Spears,0.9900884032249451,1,7.919766083003972,3.694761310021473,17.756173095764197,70.62929951121036
data/dataset_5/val\Bulent_Ecevit\Bulent_Ecevit_0001.jpg,Bulent_Ecevit,Bulent_Ecevit,0.568023681640625,1,14.850821890890575,15.207992032795287,12.761447431489787,57.179738644824354
data/dataset_5/val\Bulent_Ecevit\Bulent_Ecevit_0006.jpg,Bulent_Ecevit,Taha_Yassin_Ramadan,0.8728559017181396,0,11.51344086535847,12.110636414466187,14.86903772929652,61.506884990878824
data/dataset_5/val\Calista_Flockhart\Calista_Flockhart_0001.jpg,Calista_Flockhart,Calista_Flockhart,0.8924543857574463,1,7.10066197129745,4.948575358112583,19.513137247610807,68.43762542297917
data/dataset_5/val\Calista_Flockhart\Calista_Flockhart_0006.jpg,Calista_Flockhart,Calista_Flockhart,0.8108092546463013,1,9.637784915299774,9.15424138819128,14.083504729858845,67.1244689666501
data/dataset_5/val\Cameron_Diaz\Cameron_Diaz_0001.jpg,Cameron_Diaz,Britney_Spears,0.3823014795780182,0,20.117462110236012,13.611986671985006,6.0248399849737995,60.245711232805185
data/dataset_5/val\Cameron_Diaz\Cameron_Diaz_0006.jpg,Cameron_Diaz,Cameron_Diaz,0.7513129711151123,1,21.64053329563539,12.31975166958506,5.2365507185026,60.80316431627695
data/dataset_5/val\Carla_Del_Ponte\Carla_Del_Ponte_0001.jpg,Carla_Del_Ponte,Carla_Del_Ponte,0.4807353615760803,1,19.38960160072011,14.3555625425637,10.36966210630812,55.88517375040807
data/dataset_5/val\Carlos_Menem\Carlos_Menem_0001.jpg,Carlos_Menem,Carlos_Menem,0.9990071654319763,1,13.844653621555281,14.730806561557394,13.993343496291839,57.43119632059549
data/dataset_5/val\Carlos_Menem\Carlos_Menem_0004.jpg,Carlos_Menem,Carlos_Menem,0.9873096346855164,1,13.611466780639267,14.353127804828254,13.914274138902874,58.12113127562961
data/dataset_5/val\Carlos_Menem\Carlos_Menem_0008.jpg,Carlos_Menem,Carlos_Menem,0.9987970590591431,1,12.855952738766776,14.293948258389984,15.8097943552929,57.04030464755034
data/dataset_5/val\Carlos_Menem\Carlos_Menem_0009.jpg,Carlos_Menem,Carlos_Menem,0.992655873298645,1,15.350456395688735,16.316101035238496,13.331570152532002,55.00187241654076
data/dataset_5/val\Carlos_Menem\Carlos_Menem_0021.jpg,Carlos_Menem,Carlos_Menem,0.9964028596878052,1,13.469674882364178,14.89580390939318,14.019933705020387,57.61458750322225
data/dataset_5/val\Carlos_Moya\Carlos_Moya_0001.jpg,Carlos_Moya,Carlos_Moya,0.9968630075454712,1,19.7932918901784,16.546343972734995,8.24385426561226,55.41650987147435
data/dataset_5/val\Carlos_Moya\Carlos_Moya_0004.jpg,Carlos_Moya,Carlos_Moya,0.8682125210762024,1,20.756332672346712,15.245680126705636,7.495158915040816,56.50282828590684
data/dataset_5/val\Carlos_Moya\Carlos_Moya_0008.jpg,Carlos_Moya,Carlos_Moya,0.9734188318252563,1,20.01280195983505,14.01612230086035,6.966206288686935,59.00486945061767
data/dataset_5/val\Carlos_Moya\Carlos_Moya_0009.jpg,Carlos_Moya,Carlos_Moya,0.9316078424453735,1,18.177133927728203,14.704160748918609,9.34320068572496,57.77550463762823
data/dataset_5/val\Carmen_Electra\Carmen_Electra_0001.jpg,Carmen_Electra,Carmen_Electra,0.21249312162399292,1,20.406720438467765,3.3989994567200434,5.4868164047786685,70.70746370003353
data/dataset_5/val\Carmen_Electra\Carmen_Electra_0006.jpg,Carmen_Electra,Carmen_Electra,0.8566535711288452,1,16.50593191608676,3.154118639559859,8.844878359844811,71.49507108450857
data/dataset_5/val\Carrie-Anne_Moss\Carrie-Anne_Moss_0001.jpg,Carrie-Anne_Moss,Carrie-Anne_Moss,0.8367573618888855,1,19.94912189750657,15.47060870437278,8.435053679300246,56.1452157188204
data/dataset_5/val\Catherine_Deneuve\Catherine_Deneuve_0001.jpg,Catherine_Deneuve,Catherine_Deneuve,0.6999047994613647,1,22.41310618294138,2.606050998314474,3.230280639474042,71.7505621792701
data/dataset_5/val\Catherine_Zeta-Jones\Catherine_Zeta-Jones_0001.jpg,Catherine_Zeta-Jones,Catherine_Zeta-Jones,0.9118974804878235,1,10.648875483466222,7.8578692301828905,18.459226429656848,63.03402885669404
data/dataset_5/val\Catherine_Zeta-Jones\Catherine_Zeta-Jones_0002.jpg,Catherine_Zeta-Jones,Catherine_Zeta-Jones,0.9896577000617981,1,17.48528040532147,5.81888726988191,10.547990045021816,66.1478422797748
data/dataset_5/val\Catherine_Zeta-Jones\Catherine_Zeta-Jones_0011.jpg,Catherine_Zeta-Jones,Angelina_Jolie,0.2345757782459259,0,12.69601318081816,3.4854744849514607,13.979563195951814,69.83894913827856
data/dataset_5/val\Celine_Dion\Celine_Dion_0001.jpg,Celine_Dion,Celine_Dion,0.30726051330566406,1,9.430229117081696,3.136675401728721,14.65871734216143,72.77437813902816
data/dataset_5/val\Celine_Dion\Celine_Dion_0002.jpg,Celine_Dion,Naomi_Watts,0.09178513288497925,0,7.53207292267515,7.872069747602054,15.23549041040914,69.36036691931366
data/dataset_5/val\Cesar_Gaviria\Cesar_Gaviria_0001.jpg,Cesar_Gaviria,Cesar_Gaviria,0.5350745916366577,1,17.268129986916556,17.52337976749309,12.55404235605443,52.65444788953592
data/dataset_5/val\Cesar_Gaviria\Cesar_Gaviria_0002.jpg,Cesar_Gaviria,Cesar_Gaviria,0.976139485836029,1,14.454885249665434,16.82310474255815,16.097736492391917,52.6242735153845
data/dataset_5/val\Chanda_Rubin\Chanda_Rubin_0001.jpg,Chanda_Rubin,Chanda_Rubin,0.3362543284893036,1,10.031304541972018,6.604406676738403,16.984690996202573,66.379597785087
data/dataset_5/val\Charles_Moose\Charles_Moose_0001.jpg,Charles_Moose,Charles_Moose,0.9995018243789673,1,12.994598501167678,15.73181631179,16.49368994045909,54.77989524658323
data/dataset_5/val\Charles_Moose\Charles_Moose_0002.jpg,Charles_Moose,Charles_Moose,0.8266496062278748,1,13.848919240380358,16.608661693739396,15.522548456311597,54.01987060956865
data/dataset_5/val\Charles_Moose\Charles_Moose_0011.jpg,Charles_Moose,Charles_Moose,0.7916569113731384,1,14.720391386864279,16.587193737356973,13.292012304083608,55.40040257169513
data/dataset_5/val\Charles_Taylor\Charles_Taylor_0001.jpg,Charles_Taylor,Charles_Taylor,0.7755323648452759,1,10.464880668639207,13.24774448300744,17.470524539818076,58.81685030853528
data/dataset_5/val\Charles_Taylor\Charles_Taylor_0002.jpg,Charles_Taylor,Charles_Taylor,0.8335199952125549,1,14.306264801697061,14.293645286770664,14.736869177395551,56.66322073413672
data/dataset_5/val\Charlton_Heston\Charlton_Heston_0001.jpg,Charlton_Heston,Charlton_Heston,0.9885155558586121,1,22.7114336679291,17.718144907281072,10.03472698618297,49.53569443860686
data/dataset_5/val\Charlton_Heston\Charlton_Heston_0006.jpg,Charlton_Heston,George_W_Bush,0.11038066446781158,0,23.15046770301379,2.660392048722494,0.9544982934102952,73.23464195485342
data/dataset_5/val\Chen_Shui-bian\Chen_Shui-bian_0001.jpg,Chen_Shui-bian,Chen_Shui-bian,0.240647092461586,1,4.779607583660673,8.259053654847191,24.159076547213814,62.80226221427832
data/dataset_5/val\Choi_Sung-hong\Choi_Sung-hong_0001.jpg,Choi_Sung-hong,Choi_Sung-hong,0.8919163346290588,1,21.54637169926431,15.402218566327564,9.628594230017946,53.42281550439018
data/dataset_5/val\Christine_Baumgartner\Christine_Baumgartner_0001.jpg,Christine_Baumgartner,Christine_Baumgartner,0.7403430938720703,1,9.54929156805495,6.815847052854404,18.16813598867509,65.46672539041556
data/dataset_5/val\Christine_Todd_Whitman\Christine_Todd_Whitman_0001.jpg,Christine_Todd_Whitman,Christine_Todd_Whitman,0.7800468802452087,1,18.403681324606097,13.10823137381665,11.077388082475027,57.41069921910223
data/dataset_5/val\Christine_Todd_Whitman\Christine_Todd_Whitman_0006.jpg,Christine_Todd_Whitman,Paul_McCartney,0.1496259719133377,0,19.65433088355512,16.704438006066198,7.453931917680192,56.18729919269849
data/dataset_5/val\Ciro_Gomes\Ciro_Gomes_0001.jpg,Ciro_Gomes,Ciro_Gomes,0.744000256061554,1,13.05240789087388,13.310759814738432,16.427893258391308,57.20893903599638
data/dataset_5/val\Clara_Harris\Clara_Harris_0001.jpg,Clara_Harris,Clara_Harris,0.8816651105880737,1,21.245777361261624,9.415192654362535,8.10978098537106,61.22924899900478
data/dataset_5/val\Claudia_Pechstein\Claudia_Pechstein_0001.jpg,Claudia_Pechstein,Claudia_Pechstein,0.8868399262428284,1,22.44038542825596,9.277349505032204,5.21079087413,63.07147419258184
data/dataset_5/val\Clay_Aiken\Clay_Aiken_0001.jpg,Clay_Aiken,Clay_Aiken,0.2773464620113373,1,19.661464405573216,6.793632110346092,4.467339223523022,69.07756426055766
data/dataset_5/val\Clay_Aiken\Clay_Aiken_0006.jpg,Clay_Aiken,Clay_Aiken,0.8999954462051392,1,21.008209747248703,12.723880357758475,10.681375488117965,55.58653440687486
data/dataset_5/val\Clint_Eastwood\Clint_Eastwood_0001.jpg,Clint_Eastwood,Clint_Eastwood,0.7849007844924927,1,13.073574094641137,12.08864522992375,18.683588887698455,56.15419178773666
data/dataset_5/val\Clint_Eastwood\Clint_Eastwood_0006.jpg,Clint_Eastwood,Clint_Eastwood,0.5196380019187927,1,11.856124675908783,13.30862214614358,22.769867872503628,52.06538530544401
data/dataset_5/val\Colin_Farrell\Colin_Farrell_0001.jpg,Colin_Farrell,Colin_Farrell,0.5747271180152893,1,14.749222812353203,3.694224514746897,11.701853353979518,69.85469931892038
data/dataset_5/val\Colin_Farrell\Colin_Farrell_0002.jpg,Colin_Farrell,Pete_Sampras,0.35394224524497986,0,17.630410814156523,13.031285634956053,9.856940620204705,59.48136293068272
data/dataset_5/val\Colin_Montgomerie\Colin_Montgomerie_0001.jpg,Colin_Montgomerie,Colin_Montgomerie,0.7549605965614319,1,20.20588568763865,10.218061987009945,4.961753326250552,64.61429899910085
data/dataset_5/val\Colin_Powell\Colin_Powell_0002.jpg,Colin_Powell,Colin_Powell,0.9998767375946045,1,10.431746041147207,9.335612053285518,18.727323049562525,61.50531885600475
data/dataset_5/val\Colin_Powell\Colin_Powell_0007.jpg,Colin_Powell,Colin_Powell,0.9998942613601685,1,8.840349395555245,9.753655845627392,20.105198862324787,61.30079589649257
data/dataset_5/val\Colin_Powell\Colin_Powell_0008.jpg,Colin_Powell,Colin_Powell,0.9999027252197266,1,9.130103183186133,7.610856047779992,19.952811989399407,63.30622877963447
data/dataset_5/val\Colin_Powell\Colin_Powell_0009.jpg,Colin_Powell,Colin_Powell,0.9999430179595947,1,10.570525750624633,10.737238118671936,17.616762991074552,61.075473139628876
data/dataset_5/val\Colin_Powell\Colin_Powell_0023.jpg,Colin_Powell,Colin_Powell,0.9997876286506653,1,7.050828779867332,3.5364801666107977,17.400502541686926,72.01218851183495
data/dataset_5/val\Colin_Powell\Colin_Powell_0024.jpg,Colin_Powell,Colin_Powell,0.9997596144676208,1,11.10881249942952,3.017789757627303,14.622624785862962,71.25077295708022
data/dataset_5/val\Colin_Powell\Colin_Powell_0027.jpg,Colin_Powell,Colin_Powell,0.9999188184738159,1,11.64685154144693,9.709781744266238,16.402360877311555,62.241005836975276
data/dataset_5/val\Colin_Powell\Colin_Powell_0029.jpg,Colin_Powell,Colin_Powell,0.9999338388442993,1,9.317474459431038,8.655882911203442,17.823034879967828,64.20360774939769
data/dataset_5/val\Colin_Powell\Colin_Powell_0036.jpg,Colin_Powell,Colin_Powell,0.9999117851257324,1,7.7847322201664175,8.960041658211471,17.336479174425573,65.91874694719654
data/dataset_5/val\Colin_Powell\Colin_Powell_0040.jpg,Colin_Powell,Colin_Powell,0.9997488856315613,1,11.667923499842303,6.776863387871907,13.480471816925638,68.07474129536016
data/dataset_5/val\Colin_Powell\Colin_Powell_0041.jpg,Colin_Powell,Colin_Powell,0.9999135732650757,1,5.199215293173256,6.027667894955851,20.731981622829387,68.0411351890415
data/dataset_5/val\Colin_Powell\Colin_Powell_0051.jpg,Colin_Powell,Colin_Powell,0.9999055862426758,1,9.257502241756931,8.005703670898034,19.469593166398546,63.267200920946486
data/dataset_5/val\Colin_Powell\Colin_Powell_0056.jpg,Colin_Powell,Colin_Powell,0.9998883008956909,1,5.125770937674507,4.9294340864428525,18.707618465367464,71.23717651051518
data/dataset_5/val\Colin_Powell\Colin_Powell_0057.jpg,Colin_Powell,Colin_Powell,0.999832272529602,1,10.396552979754288,10.456979921166077,17.365148338906558,61.78131876017308
data/dataset_5/val\Colin_Powell\Colin_Powell_0058.jpg,Colin_Powell,Colin_Powell,0.9999363422393799,1,7.378100635546036,6.601844743847282,19.135234063215055,66.88482055739162
data/dataset_5/val\Colin_Powell\Colin_Powell_0060.jpg,Colin_Powell,Colin_Powell,0.9998049139976501,1,10.003560793904523,5.315953531942979,18.935092982210353,65.74539269194214
data/dataset_5/val\Colin_Powell\Colin_Powell_0063.jpg,Colin_Powell,Colin_Powell,0.9999300241470337,1,5.913040327972891,7.026884417293214,20.056036240596974,67.00403901413692
data/dataset_5/val\Colin_Powell\Colin_Powell_0071.jpg,Colin_Powell,Colin_Powell,0.9997202754020691,1,10.597210674474752,9.0706738045426,15.821717907551626,64.51039761343102
data/dataset_5/val\Colin_Powell\Colin_Powell_0072.jpg,Colin_Powell,Colin_Powell,0.9997919201850891,1,10.794341667188771,10.531287664451591,16.820408426305423,61.853962242054216
data/dataset_5/val\Colin_Powell\Colin_Powell_0087.jpg,Colin_Powell,Colin_Powell,0.9999383687973022,1,9.820950410449147,9.492085994752705,17.152744751072877,63.53421884372527
data/dataset_5/val\Colin_Powell\Colin_Powell_0088.jpg,Colin_Powell,Colin_Powell,0.999639630317688,1,10.304267386859904,11.113670511993647,16.37424764307165,62.2078144580748
