imagem,real,pred,confidence,correta,olhos,nariz,boca,fundo
data/dataset_10/val\Abdullah_Gul\Abdullah_Gul_0001.jpg,Abdullah_Gul,Abdullah_Gul,0.9832460880279541,1,17.381607809186434,12.195906825459089,15.067870474613658,55.35461489074082
data/dataset_10/val\Abdullah_Gul\Abdullah_Gul_0004.jpg,Abdullah_Gul,Abdullah_Gul,0.5206137895584106,1,11.492720850485652,7.188823221760022,18.42984461335653,62.88861131439779
data/dataset_10/val\Abdullah_Gul\Abdullah_Gul_0008.jpg,Abdullah_Gul,Abdullah_Gul,0.9097228646278381,1,11.360150420507134,11.692364745570071,21.29984444854523,55.647640385377564
data/dataset_10/val\Abdullah_Gul\Abdullah_Gul_0009.jpg,Abdullah_Gul,Abdullah_Gul,0.8647705316543579,1,12.041328415895293,10.96679126306957,22.034334243188447,54.957546077846686
data/dataset_10/val\Adrien_Brody\Adrien_Brody_0001.jpg,Adrien_Brody,Adrien_Brody,0.9136936664581299,1,10.455205807062598,10.68865011132396,19.711333142537303,59.14481093907614
data/dataset_10/val\Adrien_Brody\Adrien_Brody_0002.jpg,Adrien_Brody,Adrien_Brody,0.7586159706115723,1,13.221066627190668,14.243606311548797,17.717170819010335,54.818156242250204
data/dataset_10/val\Adrien_Brody\Adrien_Brody_0011.jpg,Adrien_Brody,Nestor_Kirchner,0.8581802248954773,0,19.04704989728363,13.510105937479148,9.325861955042479,58.11698221019474
data/dataset_10/val\Alejandro_Toledo\Alejandro_Toledo_0002.jpg,Alejandro_Toledo,Alejandro_Toledo,0.7446361184120178,1,12.344974619486509,13.996725195790914,20.240589296535703,53.417710888186875
data/dataset_10/val\Alejandro_Toledo\Alejandro_Toledo_0006.jpg,Alejandro_Toledo,Alejandro_Toledo,0.975281298160553,1,10.454111267539266,10.43983368074705,19.23280066132163,59.873254390392056
data/dataset_10/val\Alejandro_Toledo\Alejandro_Toledo_0007.jpg,Alejandro_Toledo,Alejandro_Toledo,0.9915695786476135,1,15.166324814143978,13.533777736412615,15.135915204385153,56.16398224505825
data/dataset_10/val\Alejandro_Toledo\Alejandro_Toledo_0008.jpg,Alejandro_Toledo,Alejandro_Toledo,0.9477931261062622,1,11.619460291990906,12.770431433595727,20.327590514368676,55.28251776004469
data/dataset_10/val\Alejandro_Toledo\Alejandro_Toledo_0009.jpg,Alejandro_Toledo,Alejandro_Toledo,0.9919300675392151,1,8.681089996538079,8.951406253042288,22.860472836613294,59.50703091380634
data/dataset_10/val\Alejandro_Toledo\Alejandro_Toledo_0015.jpg,Alejandro_Toledo,Alejandro_Toledo,0.9973453879356384,1,12.783337383855566,13.586279522997197,15.763346799691822,57.86703629345541
data/dataset_10/val\Alejandro_Toledo\Alejandro_Toledo_0016.jpg,Alejandro_Toledo,Alejandro_Toledo,0.9929855465888977,1,18.278334668721914,12.259859315371859,14.709772956492321,54.752033059413904
data/dataset_10/val\Alejandro_Toledo\Alejandro_Toledo_0018.jpg,Alejandro_Toledo,Alejandro_Toledo,0.997701108455658,1,16.41320354659247,13.320839711599973,16.93833001594354,53.32762672586402
data/dataset_10/val\Alvaro_Uribe\Alvaro_Uribe_0002.jpg,Alvaro_Uribe,Michael_Schumacher,0.4453614354133606,0,15.216040025972827,16.50254310876403,15.546180586974927,52.73523627828821
data/dataset_10/val\Alvaro_Uribe\Alvaro_Uribe_0005.jpg,Alvaro_Uribe,Alvaro_Uribe,0.8159303665161133,1,12.744721276511788,14.707584948529341,15.200481743878047,57.34721203108082
data/dataset_10/val\Alvaro_Uribe\Alvaro_Uribe_0008.jpg,Alvaro_Uribe,Alvaro_Uribe,0.6502745151519775,1,10.984436132118748,13.418694996705842,16.83114369080681,58.7657251803686
data/dataset_10/val\Alvaro_Uribe\Alvaro_Uribe_0016.jpg,Alvaro_Uribe,Alvaro_Uribe,0.7011421918869019,1,11.28744369777028,13.582285248079609,16.265616172102195,58.864654882047915
data/dataset_10/val\Alvaro_Uribe\Alvaro_Uribe_0018.jpg,Alvaro_Uribe,Alvaro_Uribe,0.9750657677650452,1,13.85255558768635,16.03549272422447,15.89437029246023,54.217581395628955
data/dataset_10/val\Alvaro_Uribe\Alvaro_Uribe_0024.jpg,Alvaro_Uribe,Alvaro_Uribe,0.9037193059921265,1,14.13098404597564,15.25710864603783,15.281908259360508,55.32999904862602
data/dataset_10/val\Alvaro_Uribe\Alvaro_Uribe_0035.jpg,Alvaro_Uribe,Alvaro_Uribe,0.8928919434547424,1,11.683603064666437,14.42905124049076,17.376210757325715,56.511134937517085
data/dataset_10/val\Amelie_Mauresmo\Amelie_Mauresmo_0001.jpg,Amelie_Mauresmo,Amelie_Mauresmo,0.6266579627990723,1,11.01828249761576,10.046838656832806,17.477073634915453,61.45780521063598
data/dataset_10/val\Amelie_Mauresmo\Amelie_Mauresmo_0004.jpg,Amelie_Mauresmo,Amelie_Mauresmo,0.9813180565834045,1,16.667419077755508,14.18961269736892,16.413896957565008,52.729071267310566
data/dataset_10/val\Amelie_Mauresmo\Amelie_Mauresmo_0008.jpg,Amelie_Mauresmo,Amelie_Mauresmo,0.8876561522483826,1,13.636154883627272,13.589699778317831,15.262909091236194,57.511236246818704
data/dataset_10/val\Amelie_Mauresmo\Amelie_Mauresmo_0009.jpg,Amelie_Mauresmo,Amelie_Mauresmo,0.9933027029037476,1,15.656894112189669,13.738441838212493,15.431791767196556,55.17287228240128
data/dataset_10/val\Amelie_Mauresmo\Amelie_Mauresmo_0021.jpg,Amelie_Mauresmo,Amelie_Mauresmo,0.31797152757644653,1,15.226708923693437,14.404816730879038,17.048222874485457,53.32025147094207
data/dataset_10/val\Andre_Agassi\Andre_Agassi_0002.jpg,Andre_Agassi,Andre_Agassi,0.9784113168716431,1,16.991042182081973,16.888317839035896,12.237501741044404,53.88313823783773
data/dataset_10/val\Andre_Agassi\Andre_Agassi_0004.jpg,Andre_Agassi,Andre_Agassi,0.6833221316337585,1,19.30292898804351,20.043393619516777,12.379869633486713,48.273807758953
data/dataset_10/val\Andre_Agassi\Andre_Agassi_0005.jpg,Andre_Agassi,Andre_Agassi,0.8717125058174133,1,18.350379226265332,19.537855226153425,12.145055642233777,49.966709905347464
data/dataset_10/val\Andre_Agassi\Andre_Agassi_0008.jpg,Andre_Agassi,Andre_Agassi,0.950710654258728,1,19.055414152630892,18.86776938770554,12.093860937398796,49.982955522264774
data/dataset_10/val\Andre_Agassi\Andre_Agassi_0015.jpg,Andre_Agassi,Andre_Agassi,0.9604167938232422,1,15.354933915421464,16.448657643221452,15.47743177120729,52.71897667014979
data/dataset_10/val\Andre_Agassi\Andre_Agassi_0016.jpg,Andre_Agassi,Andre_Agassi,0.9813510179519653,1,17.12607268679623,16.631886933272096,13.597416879111233,52.64462350082044
data/dataset_10/val\Andre_Agassi\Andre_Agassi_0018.jpg,Andre_Agassi,Andre_Agassi,0.9298087358474731,1,17.803354246259808,17.08535863667373,13.014136510605333,52.09715060646113
data/dataset_10/val\Andre_Agassi\Andre_Agassi_0024.jpg,Andre_Agassi,Andre_Agassi,0.9666405320167542,1,17.635517691854293,17.835751173231667,12.865285467853331,51.66344566706071
data/dataset_10/val\Andy_Roddick\Andy_Roddick_0001.jpg,Andy_Roddick,Tom_Cruise,0.23425821959972382,0,11.379609356752193,13.013844525040417,19.540337631190468,56.06620848701692
data/dataset_10/val\Andy_Roddick\Andy_Roddick_0002.jpg,Andy_Roddick,Andy_Roddick,0.7328492999076843,1,15.667226017592776,14.188234870375492,14.376434987734948,55.768104124296784
data/dataset_10/val\Andy_Roddick\Andy_Roddick_0011.jpg,Andy_Roddick,Andy_Roddick,0.9552505016326904,1,14.732231179765595,14.052115704868253,16.16394387652694,55.051709238839216
data/dataset_10/val\Angelina_Jolie\Angelina_Jolie_0001.jpg,Angelina_Jolie,Angelina_Jolie,0.98812335729599,1,19.035877391422673,16.971025963677597,13.364039748684036,50.629056896215694
data/dataset_10/val\Angelina_Jolie\Angelina_Jolie_0004.jpg,Angelina_Jolie,Angelina_Jolie,0.9740459322929382,1,17.034709091330573,16.681080409275097,13.951888381239652,52.33232211815468
data/dataset_10/val\Angelina_Jolie\Angelina_Jolie_0008.jpg,Angelina_Jolie,Angelina_Jolie,0.9591587781906128,1,14.350508429777925,14.946901702914841,17.473103945875376,53.22948592143185
data/dataset_10/val\Angelina_Jolie\Angelina_Jolie_0009.jpg,Angelina_Jolie,Angelina_Jolie,0.9941195249557495,1,17.522155599323963,15.767867289461618,14.312811143764058,52.39716596745036
data/dataset_10/val\Ann_Veneman\Ann_Veneman_0001.jpg,Ann_Veneman,Ann_Veneman,0.9501129388809204,1,12.783783642970812,14.37531135594929,17.20868833997354,55.632216661106355
data/dataset_10/val\Ann_Veneman\Ann_Veneman_0002.jpg,Ann_Veneman,Ann_Veneman,0.8927448987960815,1,13.489414653532613,13.721762891712611,19.84994750026961,52.938874954485165
data/dataset_10/val\Ann_Veneman\Ann_Veneman_0011.jpg,Ann_Veneman,Ann_Veneman,0.8122376799583435,1,9.525044273405644,10.349674957779168,22.262171632519426,57.86310913629576
data/dataset_10/val\Anna_Kournikova\Anna_Kournikova_0001.jpg,Anna_Kournikova,Anna_Kournikova,0.8039356470108032,1,19.698344724077277,19.419714826502464,12.98566534988314,47.89627509953712
data/dataset_10/val\Anna_Kournikova\Anna_Kournikova_0002.jpg,Anna_Kournikova,Anna_Kournikova,0.9340673685073853,1,16.229348562659492,14.932149491944276,15.443476833386466,53.39502511200976
data/dataset_10/val\Anna_Kournikova\Anna_Kournikova_0011.jpg,Anna_Kournikova,Anna_Kournikova,0.26404011249542236,1,10.460106591787365,12.464216094927094,18.756773002138384,58.31890431114716
data/dataset_10/val\Ari_Fleischer\Ari_Fleischer_0001.jpg,Ari_Fleischer,Ari_Fleischer,0.5689020752906799,1,20.384261875237137,15.019980118552729,10.268857558412527,54.326900447797605
data/dataset_10/val\Ari_Fleischer\Ari_Fleischer_0002.jpg,Ari_Fleischer,Ari_Fleischer,0.944132924079895,1,18.003555262594464,15.7355667412865,14.249684644840222,52.01119335127881
data/dataset_10/val\Ari_Fleischer\Ari_Fleischer_0011.jpg,Ari_Fleischer,Ari_Fleischer,0.9688929319381714,1,21.182590711959385,15.328197414035227,9.007554539581704,54.48165733442368
data/dataset_10/val\Ariel_Sharon\Ariel_Sharon_0004.jpg,Ariel_Sharon,Ariel_Sharon,0.9791359305381775,1,14.842739487252139,15.447381489241161,14.778009717231551,54.931869306275146
data/dataset_10/val\Ariel_Sharon\Ariel_Sharon_0005.jpg,Ariel_Sharon,Ariel_Sharon,0.5342465043067932,1,14.033139994032757,14.775530775615488,17.185806653359432,54.00552257699233
data/dataset_10/val\Ariel_Sharon\Ariel_Sharon_0012.jpg,Ariel_Sharon,Ariel_Sharon,0.9950668811798096,1,14.78065448163925,14.432249045721159,15.264797165219106,55.52229930742048
data/dataset_10/val\Ariel_Sharon\Ariel_Sharon_0014.jpg,Ariel_Sharon,Ariel_Sharon,0.6719767451286316,1,15.086980927962927,15.735055127984229,13.629570258309085,55.54839368574376
data/dataset_10/val\Ariel_Sharon\Ariel_Sharon_0015.jpg,Ariel_Sharon,Ariel_Sharon,0.951298713684082,1,13.110818510423844,13.72664070066817,15.968498105053296,57.19404268385469
data/dataset_10/val\Ariel_Sharon\Ariel_Sharon_0018.jpg,Ariel_Sharon,Nicole_Kidman,0.15669995546340942,0,14.361059975925597,17.514473889074438,15.816991488854967,52.307474646144996
data/dataset_10/val\Ariel_Sharon\Ariel_Sharon_0028.jpg,Ariel_Sharon,Ariel_Sharon,0.8582538962364197,1,12.168184276856518,13.906017834376305,17.34212939842095,56.58366849034622
data/dataset_10/val\Ariel_Sharon\Ariel_Sharon_0029.jpg,Ariel_Sharon,Ariel_Sharon,0.9931564927101135,1,17.644547710414184,17.944627699198563,14.301616745142693,50.10920784524456
data/dataset_10/val\Ariel_Sharon\Ariel_Sharon_0032.jpg,Ariel_Sharon,John_Negroponte,0.39771971106529236,0,17.581743572645546,17.979883934575103,11.381890059261895,53.05648243351745
data/dataset_10/val\Ariel_Sharon\Ariel_Sharon_0033.jpg,Ariel_Sharon,Ariel_Sharon,0.898958683013916,1,12.055818085896636,13.046718466665872,16.733774990727955,58.16368845670954
data/dataset_10/val\Ariel_Sharon\Ariel_Sharon_0036.jpg,Ariel_Sharon,Ariel_Sharon,0.9829550385475159,1,15.006527211220012,14.97592123944466,15.372216079125295,54.645335470210036
data/dataset_10/val\Ariel_Sharon\Ariel_Sharon_0055.jpg,Ariel_Sharon,Ariel_Sharon,0.9330111145973206,1,12.854669512008632,14.023834013613412,15.912029703792435,57.20946677058552
data/dataset_10/val\Ariel_Sharon\Ariel_Sharon_0069.jpg,Ariel_Sharon,Ariel_Sharon,0.9720281958580017,1,14.526253176463513,15.435537485094905,15.707313157034843,54.33089618140674
data/dataset_10/val\Ariel_Sharon\Ariel_Sharon_0070.jpg,Ariel_Sharon,Ariel_Sharon,0.9037384390830994,1,16.20736905223991,17.79042510890206,14.677239096938292,51.32496674191974
data/dataset_10/val\Ariel_Sharon\Ariel_Sharon_0076.jpg,Ariel_Sharon,Ariel_Sharon,0.9710090160369873,1,14.338344997948761,15.646002693596204,15.55818051712769,54.45747179132734
data/dataset_10/val\Ariel_Sharon\Ariel_Sharon_0077.jpg,Ariel_Sharon,Ariel_Sharon,0.6364994645118713,1,13.36383811280886,14.013614026897397,17.364161048716213,55.25838681157753
data/dataset_10/val\Arnold_Schwarzenegger\Arnold_Schwarzenegger_0002.jpg,Arnold_Schwarzenegger,Arnold_Schwarzenegger,0.819495439529419,1,19.580436840815548,18.140375124740828,10.600345923452673,51.67884211099095
data/dataset_10/val\Arnold_Schwarzenegger\Arnold_Schwarzenegger_0006.jpg,Arnold_Schwarzenegger,Jennifer_Capriati,0.33122915029525757,0,13.514815165843915,13.199627028335561,18.18033866777978,55.105219138040745
data/dataset_10/val\Arnold_Schwarzenegger\Arnold_Schwarzenegger_0007.jpg,Arnold_Schwarzenegger,Arnold_Schwarzenegger,0.9948276877403259,1,12.421375144759008,13.885918349877075,17.34612748672513,56.346579018638785
data/dataset_10/val\Arnold_Schwarzenegger\Arnold_Schwarzenegger_0008.jpg,Arnold_Schwarzenegger,George_W_Bush,0.23846548795700073,0,17.30014719569155,23.502857954180822,18.113279153165525,41.0837156969621
data/dataset_10/val\Arnold_Schwarzenegger\Arnold_Schwarzenegger_0009.jpg,Arnold_Schwarzenegger,Arnold_Schwarzenegger,0.8812337517738342,1,20.547808054446495,19.620086579033327,11.51203973716374,48.32006562935644
data/dataset_10/val\Arnold_Schwarzenegger\Arnold_Schwarzenegger_0015.jpg,Arnold_Schwarzenegger,Arnold_Schwarzenegger,0.4207344651222229,1,15.006028706820818,16.845667993258036,14.781102071239323,53.36720122868182
data/dataset_10/val\Arnold_Schwarzenegger\Arnold_Schwarzenegger_0016.jpg,Arnold_Schwarzenegger,Arnold_Schwarzenegger,0.6122815012931824,1,16.887183551553242,17.065848572718664,15.889469171065322,50.15749870466277
data/dataset_10/val\Arnold_Schwarzenegger\Arnold_Schwarzenegger_0018.jpg,Arnold_Schwarzenegger,Arnold_Schwarzenegger,0.9205528497695923,1,14.004199279384087,15.458615050631549,15.390457088966928,55.146728581017435
data/dataset_10/val\Arnold_Schwarzenegger\Arnold_Schwarzenegger_0041.jpg,Arnold_Schwarzenegger,Arnold_Schwarzenegger,0.9942132830619812,1,15.729044225588318,15.697611456094936,15.554652339343644,53.0186919789731
data/dataset_10/val\Atal_Bihari_Vajpayee\Atal_Bihari_Vajpayee_0001.jpg,Atal_Bihari_Vajpayee,Atal_Bihari_Vajpayee,0.9583315849304199,1,18.043380810609612,17.718391528608567,15.205792403002844,49.03243525777898
data/dataset_10/val\Atal_Bihari_Vajpayee\Atal_Bihari_Vajpayee_0004.jpg,Atal_Bihari_Vajpayee,Atal_Bihari_Vajpayee,0.9582406282424927,1,10.43533567765568,12.741579974724074,17.310391644796997,59.51269270282325
data/dataset_10/val\Atal_Bihari_Vajpayee\Atal_Bihari_Vajpayee_0008.jpg,Atal_Bihari_Vajpayee,Atal_Bihari_Vajpayee,0.9829266667366028,1,13.340676259854582,13.711199863128453,17.20701295056324,55.74111092645373
data/dataset_10/val\Atal_Bihari_Vajpayee\Atal_Bihari_Vajpayee_0009.jpg,Atal_Bihari_Vajpayee,Atal_Bihari_Vajpayee,0.985163152217865,1,11.955797938876888,14.177014582900545,20.068168193098604,53.79901928512396
data/dataset_10/val\Atal_Bihari_Vajpayee\Atal_Bihari_Vajpayee_0021.jpg,Atal_Bihari_Vajpayee,Atal_Bihari_Vajpayee,0.8057045340538025,1,16.523077105967676,19.89419325380885,14.544881825241541,49.03784781498193
data/dataset_10/val\Bill_Clinton\Bill_Clinton_0001.jpg,Bill_Clinton,Bill_Clinton,0.8296396136283875,1,16.129302988995395,12.321971418196167,18.551755735446424,52.99696985736202
data/dataset_10/val\Bill_Clinton\Bill_Clinton_0004.jpg,Bill_Clinton,Bill_Clinton,0.989702582359314,1,14.070018330225835,10.093665309448472,17.583246365104188,58.25306999522151
data/dataset_10/val\Bill_Clinton\Bill_Clinton_0008.jpg,Bill_Clinton,Bill_Clinton,0.9279354810714722,1,20.950020447713563,13.008047359652442,16.399063851189183,49.64286834144481
data/dataset_10/val\Bill_Clinton\Bill_Clinton_0009.jpg,Bill_Clinton,Bill_Clinton,0.9214423894882202,1,17.410888756645146,11.818277927319004,15.16468090302879,55.60615241300706
data/dataset_10/val\Bill_Clinton\Bill_Clinton_0021.jpg,Bill_Clinton,Bill_Clinton,0.9382684826850891,1,15.614885079775062,10.370734064074579,18.332886080697424,55.68149477545293
data/dataset_10/val\Bill_Clinton\Bill_Clinton_0024.jpg,Bill_Clinton,Bill_Clinton,0.9126268625259399,1,17.84203492151099,9.94103406785149,13.415488228986836,58.801442781650685
data/dataset_10/val\Bill_Gates\Bill_Gates_0001.jpg,Bill_Gates,Bill_Gates,0.7728805541992188,1,18.012935352597157,12.997102560601684,14.619539908615495,54.37042217818566
data/dataset_10/val\Bill_Gates\Bill_Gates_0004.jpg,Bill_Gates,Bill_Gates,0.8098947405815125,1,21.58825985844448,10.673860354992485,6.164669172209237,61.5732106143538
data/dataset_10/val\Bill_Gates\Bill_Gates_0005.jpg,Bill_Gates,Bill_Gates,0.9750301837921143,1,15.971929995738922,11.238645657612343,16.477806543913253,56.31161780273548
data/dataset_10/val\Bill_Gates\Bill_Gates_0012.jpg,Bill_Gates,Bill_Gates,0.9436847567558289,1,18.726866018177756,15.92045645366852,13.81413833653031,51.538539191623414
data/dataset_10/val\Bill_McBride\Bill_McBride_0001.jpg,Bill_McBride,Bill_McBride,0.6322810053825378,1,12.566656919597975,12.154780970257193,15.07934430921431,60.199217800930526
data/dataset_10/val\Bill_McBride\Bill_McBride_0002.jpg,Bill_McBride,Bill_McBride,0.8098545670509338,1,12.791544671600098,8.007129035537625,14.979587891537292,64.22173840132498
data/dataset_10/val\Bill_Simon\Bill_Simon_0001.jpg,Bill_Simon,Bill_Simon,0.9720908999443054,1,13.509305999220254,13.841435770680762,16.787384420499436,55.861873809599544
data/dataset_10/val\Bill_Simon\Bill_Simon_0002.jpg,Bill_Simon,Bill_Simon,0.8810661435127258,1,17.45550313475083,14.3341503268112,14.365062489446364,53.84528404899161
data/dataset_10/val\Bill_Simon\Bill_Simon_0011.jpg,Bill_Simon,Bill_Simon,0.7435929775238037,1,17.767501466205175,9.670171177407704,5.606175935821116,66.956151420566
data/dataset_10/val\Britney_Spears\Britney_Spears_0001.jpg,Britney_Spears,Britney_Spears,0.689145028591156,1,14.82325537825052,12.359699576300853,13.926800092618821,58.8902449528298
data/dataset_10/val\Britney_Spears\Britney_Spears_0002.jpg,Britney_Spears,Britney_Spears,0.5478442907333374,1,17.54994731952146,11.010231380528287,10.69654324747236,60.74327805247789
data/dataset_10/val\Britney_Spears\Britney_Spears_0011.jpg,Britney_Spears,Britney_Spears,0.8825384974479675,1,17.74243209576124,13.53408280225601,12.299669099085097,56.42381600289765
data/dataset_10/val\Carlos_Menem\Carlos_Menem_0001.jpg,Carlos_Menem,Carlos_Menem,0.7491341829299927,1,12.117888321488426,14.940241303864578,19.206016181711565,53.73585419293543
data/dataset_10/val\Carlos_Menem\Carlos_Menem_0004.jpg,Carlos_Menem,Carlos_Menem,0.9324526786804199,1,11.23207337327478,14.682042719024189,19.255423595864386,54.830460311836646
data/dataset_10/val\Carlos_Menem\Carlos_Menem_0008.jpg,Carlos_Menem,Michael_Schumacher,0.3286600112915039,0,16.319409554586056,16.525174993191097,14.30254687441522,52.85286857780763
data/dataset_10/val\Carlos_Menem\Carlos_Menem_0009.jpg,Carlos_Menem,Michael_Schumacher,0.7130118012428284,0,18.213996599180124,16.109123879530937,14.113179645770748,51.56369987551819
data/dataset_10/val\Carlos_Menem\Carlos_Menem_0021.jpg,Carlos_Menem,Carlos_Menem,0.9809486865997314,1,17.19082391657354,17.057137718559407,15.486994993837303,50.265043371029755
data/dataset_10/val\Carlos_Moya\Carlos_Moya_0001.jpg,Carlos_Moya,Carlos_Moya,0.9950597882270813,1,10.268355670426578,11.763988359875428,19.04547522894007,58.92218074075792
data/dataset_10/val\Carlos_Moya\Carlos_Moya_0004.jpg,Carlos_Moya,Carlos_Moya,0.9892870187759399,1,10.397521242403064,11.97695263060697,20.995052834744886,56.630473292245085
data/dataset_10/val\Carlos_Moya\Carlos_Moya_0008.jpg,Carlos_Moya,Carlos_Moya,0.9653359055519104,1,13.683141636291417,13.406300301137561,16.49068986356424,56.419868199006785
data/dataset_10/val\Carlos_Moya\Carlos_Moya_0009.jpg,Carlos_Moya,Carlos_Moya,0.8899415731430054,1,8.068002674424664,8.433658527841606,21.09479472373484,62.40354407399889
data/dataset_10/val\Catherine_Zeta-Jones\Catherine_Zeta-Jones_0001.jpg,Catherine_Zeta-Jones,Catherine_Zeta-Jones,0.8745077252388,1,17.887197817378077,16.250725768019798,14.127995565237239,51.73408084936489
data/dataset_10/val\Catherine_Zeta-Jones\Catherine_Zeta-Jones_0002.jpg,Catherine_Zeta-Jones,Catherine_Zeta-Jones,0.9512899518013,1,21.527102566898975,15.769340521158341,9.222570288147365,53.48098662379532
data/dataset_10/val\Catherine_Zeta-Jones\Catherine_Zeta-Jones_0011.jpg,Catherine_Zeta-Jones,Julianne_Moore,0.3540184795856476,0,11.76593305196586,10.646122120952025,18.82717707905359,58.76076774802852
data/dataset_10/val\Charles_Moose\Charles_Moose_0001.jpg,Charles_Moose,Charles_Moose,0.9922957420349121,1,11.477798011294638,12.849464204382986,17.58282595030005,58.089911834022324
data/dataset_10/val\Charles_Moose\Charles_Moose_0002.jpg,Charles_Moose,Charles_Moose,0.994914174079895,1,11.928573249875615,13.52463616068016,17.602154025111012,56.944636564333216
data/dataset_10/val\Charles_Moose\Charles_Moose_0011.jpg,Charles_Moose,Charles_Moose,0.9257495999336243,1,12.143013931740372,15.222243075347363,17.57240779191236,55.062335200999904
data/dataset_10/val\Colin_Powell\Colin_Powell_0002.jpg,Colin_Powell,Tony_Blair,0.2173616737127304,0,23.871039044381885,4.3826983161049125,1.731679467988635,70.01458317152458
data/dataset_10/val\Colin_Powell\Colin_Powell_0007.jpg,Colin_Powell,Colin_Powell,0.20929355919361115,1,11.770858594081675,3.609427099261874,16.62387807451029,67.99583623214616
data/dataset_10/val\Colin_Powell\Colin_Powell_0008.jpg,Colin_Powell,Jeb_Bush,0.15310126543045044,0,5.698219200576219,8.157284804153605,22.206547696811104,63.93794829845907
data/dataset_10/val\Colin_Powell\Colin_Powell_0009.jpg,Colin_Powell,Colin_Powell,0.7809070944786072,1,19.3811833217517,10.349610372543717,6.30504370566266,63.964162600041924
data/dataset_10/val\Colin_Powell\Colin_Powell_0023.jpg,Colin_Powell,Colin_Powell,0.45252788066864014,1,0.18639076185413953,4.457674336905534,29.25603603785054,66.0998988633898
data/dataset_10/val\Colin_Powell\Colin_Powell_0024.jpg,Colin_Powell,Colin_Powell,0.6029096245765686,1,14.852932212120542,16.40099453630377,12.585497796240109,56.160575455335575
data/dataset_10/val\Colin_Powell\Colin_Powell_0027.jpg,Colin_Powell,Colin_Powell,0.3445456624031067,1,21.18096911812572,12.326416647966923,5.227543671762259,61.2650705621451
data/dataset_10/val\Colin_Powell\Colin_Powell_0029.jpg,Colin_Powell,Michael_Jackson,0.25519391894340515,0,15.60573228324819,15.789322189787432,15.896213606881426,52.70873192008295
data/dataset_10/val\Colin_Powell\Colin_Powell_0036.jpg,Colin_Powell,Colin_Powell,0.6591435074806213,1,18.507405077327082,18.372038707420966,12.185619961723845,50.93493625352811
data/dataset_10/val\Colin_Powell\Colin_Powell_0040.jpg,Colin_Powell,Colin_Powell,0.9442748427391052,1,21.494563432434063,14.023860371788578,6.877437705383113,57.60413849039425
data/dataset_10/val\Colin_Powell\Colin_Powell_0041.jpg,Colin_Powell,Colin_Powell,0.761408805847168,1,18.145892992186702,18.80737161718626,11.200946204084765,51.84578918654227
data/dataset_10/val\Colin_Powell\Colin_Powell_0051.jpg,Colin_Powell,Colin_Powell,0.9361116886138916,1,19.104830061894486,17.709270739244822,11.159997774501043,52.02590142435965
data/dataset_10/val\Colin_Powell\Colin_Powell_0056.jpg,Colin_Powell,Colin_Powell,0.8176342248916626,1,17.995371788823363,15.60762027895322,10.86327152940246,55.533736402820956
data/dataset_10/val\Colin_Powell\Colin_Powell_0057.jpg,Colin_Powell,Tony_Blair,0.3683149218559265,0,14.53903017109573,12.989115090072392,11.707756245777299,60.76409849305458
data/dataset_10/val\Colin_Powell\Colin_Powell_0058.jpg,Colin_Powell,Tony_Blair,0.28687700629234314,0,10.481207267449971,9.013686178184253,11.037902756101312,69.46720379826446
data/dataset_10/val\Colin_Powell\Colin_Powell_0060.jpg,Colin_Powell,Colin_Powell,0.39665961265563965,1,22.652866125460793,14.37922655359166,5.979389701149245,56.9885176197983
data/dataset_10/val\Colin_Powell\Colin_Powell_0063.jpg,Colin_Powell,Colin_Powell,0.8863033652305603,1,18.708435430379815,18.14246521133096,12.576846631958585,50.57225272633064
data/dataset_10/val\Colin_Powell\Colin_Powell_0071.jpg,Colin_Powell,Colin_Powell,0.936084508895874,1,14.069983431355208,13.952311203369545,15.406705360855742,56.5710000044195
data/dataset_10/val\Colin_Powell\Colin_Powell_0072.jpg,Colin_Powell,Colin_Powell,0.9744706749916077,1,16.271052678626052,15.560957198664509,13.71745500722567,54.45053511548377
data/dataset_10/val\Colin_Powell\Colin_Powell_0087.jpg,Colin_Powell,Colin_Powell,0.4790831506252289,1,20.155710284246425,16.567733729044697,10.061194537939114,53.21536144876976
data/dataset_10/val\Colin_Powell\Colin_Powell_0088.jpg,Colin_Powell,Colin_Powell,0.9969595670700073,1,17.879720032623105,14.999468702110816,12.084789606903737,55.036021658362344
data/dataset_10/val\Colin_Powell\Colin_Powell_0098.jpg,Colin_Powell,Colin_Powell,0.5816392302513123,1,19.11537635951095,17.940283381746987,10.586943424880491,52.35739683386157
data/dataset_10/val\Colin_Powell\Colin_Powell_0108.jpg,Colin_Powell,Colin_Powell,0.1404373198747635,1,11.34735841203731,10.931732787376843,16.82341574386882,60.897493056717025
data/dataset_10/val\Colin_Powell\Colin_Powell_0109.jpg,Colin_Powell,John_Negroponte,0.603123128414154,0,19.82524967237586,19.808785197935915,11.146244693547063,49.21972043614116
data/dataset_10/val\Colin_Powell\Colin_Powell_0115.jpg,Colin_Powell,Tony_Blair,0.4453858435153961,0,6.315550245735536,7.239579743471348,16.987985884123187,69.45688412666993
data/dataset_10/val\Colin_Powell\Colin_Powell_0130.jpg,Colin_Powell,Colin_Powell,0.7759007811546326,1,19.065642791051914,14.461596687349891,11.637268286652544,54.835492234945654
data/dataset_10/val\Colin_Powell\Colin_Powell_0140.jpg,Colin_Powell,Colin_Powell,0.7225445508956909,1,14.047488150956863,14.840684288046965,14.497723171246635,56.614104389749535
data/dataset_10/val\Colin_Powell\Colin_Powell_0144.jpg,Colin_Powell,Colin_Powell,0.6511229872703552,1,18.477486932279287,16.01902933591575,12.519139426776407,52.98434430502855
data/dataset_10/val\Colin_Powell\Colin_Powell_0151.jpg,Colin_Powell,Colin_Powell,0.7445986270904541,1,21.07258792905269,16.59401590131691,7.381678689582506,54.95171748004789
data/dataset_10/val\Colin_Powell\Colin_Powell_0152.jpg,Colin_Powell,Igor_Ivanov,0.591775119304657,0,18.699209647397275,16.716319914503,10.321151157305628,54.26331928079409
data/dataset_10/val\Colin_Powell\Colin_Powell_0155.jpg,Colin_Powell,Tiger_Woods,0.26340776681900024,0,11.610469519583239,14.913214742012247,18.521119000124777,54.95519673827973
data/dataset_10/val\Colin_Powell\Colin_Powell_0164.jpg,Colin_Powell,Colin_Powell,0.8526021838188171,1,19.59273639312581,17.989116456570752,11.683853157277463,50.73429399302597
data/dataset_10/val\Colin_Powell\Colin_Powell_0167.jpg,Colin_Powell,Colin_Powell,0.7712734937667847,1,19.586987803144414,15.351366571223618,7.866025459937371,57.19562016569459
data/dataset_10/val\Colin_Powell\Colin_Powell_0174.jpg,Colin_Powell,Colin_Powell,0.9123929142951965,1,18.775554647312468,14.883297265172448,8.525615736437208,57.81553235107788
data/dataset_10/val\Colin_Powell\Colin_Powell_0179.jpg,Colin_Powell,Colin_Powell,0.7833147644996643,1,17.547711500415637,16.700394885185332,13.349627950237025,52.402265664162
data/dataset_10/val\Colin_Powell\Colin_Powell_0180.jpg,Colin_Powell,Colin_Powell,0.2480519860982895,1,21.514951744126083,14.972153455473753,6.357350827378405,57.15554397302176
data/dataset_10/val\Colin_Powell\Colin_Powell_0184.jpg,Colin_Powell,Colin_Powell,0.6643800139427185,1,18.549198436638488,9.797372831089222,6.754959215155371,64.89846951711692
data/dataset_10/val\Colin_Powell\Colin_Powell_0189.jpg,Colin_Powell,Tony_Blair,0.7916799187660217,0,20.16224175680892,14.164698507923065,9.912078627178005,55.76098110809001
data/dataset_10/val\Colin_Powell\Colin_Powell_0190.jpg,Colin_Powell,Colin_Powell,0.7665507197380066,1,19.972277734781837,14.652984198172144,9.744449246136094,55.630288820909925
data/dataset_10/val\Colin_Powell\Colin_Powell_0195.jpg,Colin_Powell,Tiger_Woods,0.41481244564056396,0,8.261445339481488,10.829181796280128,20.073284040719386,60.836088823519
data/dataset_10/val\Colin_Powell\Colin_Powell_0202.jpg,Colin_Powell,Colin_Powell,0.6074528694152832,1,17.275646349000336,17.610599617330983,10.821646399089174,54.2921076345795
data/dataset_10/val\Colin_Powell\Colin_Powell_0217.jpg,Colin_Powell,Colin_Powell,0.6932366490364075,1,20.7766522759769,13.40932127057626,7.7036204883500705,58.11040596509677
data/dataset_10/val\Colin_Powell\Colin_Powell_0218.jpg,Colin_Powell,Tony_Blair,0.14850886166095734,0,11.446887543706401,3.8540692650564634,8.10581432044018,76.59322887079695
data/dataset_10/val\Colin_Powell\Colin_Powell_0221.jpg,Colin_Powell,Colin_Powell,0.6243152618408203,1,20.92533830426434,13.617590950602214,7.957948865352543,57.4991218797809
data/dataset_10/val\Colin_Powell\Colin_Powell_0224.jpg,Colin_Powell,Lindsay_Davenport,0.08680036664009094,0,25.491904936271332,12.082098123442,6.514331445431215,55.91166549485545
data/dataset_10/val\Colin_Powell\Colin_Powell_0227.jpg,Colin_Powell,Colin_Powell,0.23589825630187988,1,21.28155367208264,15.060052521105392,6.758831289044928,56.89956251776704
data/dataset_10/val\Colin_Powell\Colin_Powell_0233.jpg,Colin_Powell,Colin_Powell,0.56996089220047,1,18.79454782139484,17.65463479703819,11.354377949755547,52.19643943181142
data/dataset_10/val\Colin_Powell\Colin_Powell_0234.jpg,Colin_Powell,Hans_Blix,0.33943918347358704,0,21.074599337939894,13.933544797721286,8.649199128293592,56.34265673604523
data/dataset_10/val\Condoleezza_Rice\Condoleezza_Rice_0001.jpg,Condoleezza_Rice,Condoleezza_Rice,0.9957942962646484,1,7.031477187730435,8.69732995904878,22.040299950642883,62.2308929025779
data/dataset_10/val\Condoleezza_Rice\Condoleezza_Rice_0002.jpg,Condoleezza_Rice,Condoleezza_Rice,0.6775442957878113,1,6.837279076657719,9.020502857453618,21.145895247309753,62.99632281857891
data/dataset_10/val\Condoleezza_Rice\Condoleezza_Rice_0011.jpg,Condoleezza_Rice,Condoleezza_Rice,0.9117758870124817,1,5.272261710245776,6.49306191579952,21.952723285658653,66.28195308829605
data/dataset_10/val\David_Beckham\David_Beckham_0001.jpg,David_Beckham,David_Beckham,0.9980185031890869,1,12.992349515186936,14.005663070386968,14.39000418118516,58.611983233240935
data/dataset_10/val\David_Beckham\David_Beckham_0004.jpg,David_Beckham,David_Beckham,0.9935738444328308,1,14.743842091479744,14.837713235267774,13.745580941516353,56.67286373173613
data/dataset_10/val\David_Beckham\David_Beckham_0008.jpg,David_Beckham,David_Beckham,0.9305742979049683,1,14.64356806825589,15.098549282234984,13.721336326588121,56.536546322921005
data/dataset_10/val\David_Beckham\David_Beckham_0009.jpg,David_Beckham,David_Beckham,0.9904721975326538,1,16.199077140962995,16.194042530798225,14.233133065088463,53.373747263150314
data/dataset_10/val\David_Beckham\David_Beckham_0021.jpg,David_Beckham,David_Beckham,0.9921383261680603,1,15.214348136172504,15.730205140444133,14.538744785830012,54.51670193755335
data/dataset_10/val\David_Beckham\David_Beckham_0024.jpg,David_Beckham,David_Beckham,0.9924649000167847,1,14.939602492694327,15.761756270902467,13.012779205677434,56.285862030725774
data/dataset_10/val\David_Beckham\David_Beckham_0026.jpg,David_Beckham,David_Beckham,0.9739964604377747,1,14.465393058871888,14.916574722266857,14.628409068528265,55.98962315033299
data/dataset_10/val\David_Nalbandian\David_Nalbandian_0001.jpg,David_Nalbandian,David_Nalbandian,0.9539920091629028,1,16.8837556322256,14.870044717602456,13.827389827302321,54.41880982286962
data/dataset_10/val\David_Nalbandian\David_Nalbandian_0002.jpg,David_Nalbandian,David_Nalbandian,0.5912423729896545,1,17.135645102521547,19.118442754074845,17.254071583225187,46.491840560178424
data/dataset_10/val\David_Nalbandian\David_Nalbandian_0011.jpg,David_Nalbandian,David_Nalbandian,0.955474317073822,1,18.047049910826555,18.004180373055444,14.72474866141807,49.22402105469993
data/dataset_10/val\Dick_Cheney\Dick_Cheney_0001.jpg,Dick_Cheney,Alvaro_Uribe,0.5286489725112915,0,12.84808963275992,14.254635658619467,16.689047825411507,56.20822688320911
data/dataset_10/val\Dick_Cheney\Dick_Cheney_0002.jpg,Dick_Cheney,John_Negroponte,0.6232532262802124,0,20.714980914139524,16.857855782954957,8.647002791903422,53.780160511002094
data/dataset_10/val\Dick_Cheney\Dick_Cheney_0011.jpg,Dick_Cheney,Dick_Cheney,0.9058149456977844,1,17.281662685909517,18.593120611245283,14.758465560912668,49.36675114193253
data/dataset_10/val\Dominique_de_Villepin\Dominique_de_Villepin_0001.jpg,Dominique_de_Villepin,Dominique_de_Villepin,0.8323636054992676,1,20.483605967745735,10.323793573209738,7.899679785175118,61.29292067386941
data/dataset_10/val\Dominique_de_Villepin\Dominique_de_Villepin_0002.jpg,Dominique_de_Villepin,Dominique_de_Villepin,0.6153424382209778,1,19.458414838905345,10.899502693661317,10.471314931229108,59.17076753620423
data/dataset_10/val\Dominique_de_Villepin\Dominique_de_Villepin_0011.jpg,Dominique_de_Villepin,Dominique_de_Villepin,0.452544242143631,1,20.14472084091345,9.933701942066364,8.745742599605643,61.175834617414544
data/dataset_10/val\Donald_Rumsfeld\Donald_Rumsfeld_0004.jpg,Donald_Rumsfeld,Donald_Rumsfeld,0.8146215677261353,1,20.815028128994847,18.03966203934299,9.50355360003206,51.641756231630104
data/dataset_10/val\Donald_Rumsfeld\Donald_Rumsfeld_0005.jpg,Donald_Rumsfeld,Donald_Rumsfeld,0.953292965888977,1,18.05676034892286,17.53050329994477,13.744953371329782,50.66778297980259
data/dataset_10/val\Donald_Rumsfeld\Donald_Rumsfeld_0012.jpg,Donald_Rumsfeld,Donald_Rumsfeld,0.9496636390686035,1,19.373211906621354,13.812572692454165,6.666065529864041,60.14814987106044
data/dataset_10/val\Donald_Rumsfeld\Donald_Rumsfeld_0014.jpg,Donald_Rumsfeld,Donald_Rumsfeld,0.9921861886978149,1,19.3266212200583,16.274765602677597,10.884127238843233,53.51448593842087
data/dataset_10/val\Donald_Rumsfeld\Donald_Rumsfeld_0015.jpg,Donald_Rumsfeld,Donald_Rumsfeld,0.7561261653900146,1,18.634508126967933,16.93432107233563,10.49234952665231,53.93882127404412
data/dataset_10/val\Donald_Rumsfeld\Donald_Rumsfeld_0018.jpg,Donald_Rumsfeld,Donald_Rumsfeld,0.9816224575042725,1,20.985560687601797,16.88120619637625,10.166771829265837,51.966461286756115
data/dataset_10/val\Donald_Rumsfeld\Donald_Rumsfeld_0028.jpg,Donald_Rumsfeld,John_Negroponte,0.3391432762145996,0,17.171948372796695,17.86340242937199,12.338624639217748,52.626024558613565
data/dataset_10/val\Donald_Rumsfeld\Donald_Rumsfeld_0029.jpg,Donald_Rumsfeld,Donald_Rumsfeld,0.7435577511787415,1,22.07652130097927,15.02028906460755,6.360486228447309,56.542703405965874
data/dataset_10/val\Donald_Rumsfeld\Donald_Rumsfeld_0030.jpg,Donald_Rumsfeld,Donald_Rumsfeld,0.9454947113990784,1,18.382993300490412,17.339121252869607,10.511302594586253,53.76658285205373
data/dataset_10/val\Donald_Rumsfeld\Donald_Rumsfeld_0032.jpg,Donald_Rumsfeld,Donald_Rumsfeld,0.9712628722190857,1,18.03767861935697,15.007664222457839,12.148070881552474,54.806586276632714
data/dataset_10/val\Donald_Rumsfeld\Donald_Rumsfeld_0036.jpg,Donald_Rumsfeld,Donald_Rumsfeld,0.18073253333568573,1,19.51383161315111,15.930020430503387,11.068141225896266,53.488006730449236
data/dataset_10/val\Donald_Rumsfeld\Donald_Rumsfeld_0055.jpg,Donald_Rumsfeld,Donald_Rumsfeld,0.9854279160499573,1,19.04770319223103,14.520154406802462,10.188759464144166,56.24338293682234
data/dataset_10/val\Donald_Rumsfeld\Donald_Rumsfeld_0065.jpg,Donald_Rumsfeld,Donald_Rumsfeld,0.9897679686546326,1,19.822733385170825,17.876999224648124,10.933477797300194,51.366789592880856
data/dataset_10/val\Donald_Rumsfeld\Donald_Rumsfeld_0070.jpg,Donald_Rumsfeld,Donald_Rumsfeld,0.9413814544677734,1,19.643111094348736,18.092743300453115,10.701971170772081,51.56217443442607
data/dataset_10/val\Donald_Rumsfeld\Donald_Rumsfeld_0072.jpg,Donald_Rumsfeld,Donald_Rumsfeld,0.9726205468177795,1,19.91625146443744,14.646522644012233,8.65367746154139,56.783548430008935
data/dataset_10/val\Donald_Rumsfeld\Donald_Rumsfeld_0076.jpg,Donald_Rumsfeld,Donald_Rumsfeld,0.8463336825370789,1,19.699669598208576,17.422336334628305,11.634258432636983,51.24373563452613
data/dataset_10/val\Donald_Rumsfeld\Donald_Rumsfeld_0078.jpg,Donald_Rumsfeld,Donald_Rumsfeld,0.3677144944667816,1,21.37940299723237,13.071605472178264,6.302986157428157,59.24600537316121
data/dataset_10/val\Donald_Rumsfeld\Donald_Rumsfeld_0082.jpg,Donald_Rumsfeld,Donald_Rumsfeld,0.9751405119895935,1,18.594188335390932,13.105440776507251,11.70490475969653,56.595466128405285
data/dataset_10/val\Donald_Rumsfeld\Donald_Rumsfeld_0087.jpg,Donald_Rumsfeld,Donald_Rumsfeld,0.3319492042064667,1,20.894276040323035,14.581478445121443,7.359939032963279,57.16430648159225
data/dataset_10/val\Donald_Rumsfeld\Donald_Rumsfeld_0095.jpg,Donald_Rumsfeld,Donald_Rumsfeld,0.9740037322044373,1,19.88789715247247,15.665025808349588,10.432368137343474,54.01470890183447
data/dataset_10/val\Donald_Rumsfeld\Donald_Rumsfeld_0104.jpg,Donald_Rumsfeld,Donald_Rumsfeld,0.9806700944900513,1,17.725533258579205,16.542371903203026,12.5759504581473,53.15614438007047
data/dataset_10/val\Donald_Rumsfeld\Donald_Rumsfeld_0108.jpg,Donald_Rumsfeld,Donald_Rumsfeld,0.19852647185325623,1,18.248057515947778,13.26395383612541,10.363419043071564,58.124569604855246
data/dataset_10/val\Donald_Rumsfeld\Donald_Rumsfeld_0113.jpg,Donald_Rumsfeld,Donald_Rumsfeld,0.9749998450279236,1,18.604292121761564,15.340747244348226,10.832167704845265,55.22279292904494
data/dataset_10/val\Donald_Rumsfeld\Donald_Rumsfeld_0118.jpg,Donald_Rumsfeld,Donald_Rumsfeld,0.9993320107460022,1,20.49056283021814,18.068847865213517,11.718794559050604,49.72179474551774
data/dataset_10/val\Donald_Rumsfeld\Donald_Rumsfeld_0119.jpg,Donald_Rumsfeld,Donald_Rumsfeld,0.8432466387748718,1,16.887001431429557,16.75501099205972,13.426959791633786,52.93102778487694
data/dataset_10/val\Edmund_Stoiber\Edmund_Stoiber_0001.jpg,Edmund_Stoiber,Edmund_Stoiber,0.9422690868377686,1,18.822718256048546,14.473622489072122,15.280751106206639,51.4229081486727
data/dataset_10/val\Edmund_Stoiber\Edmund_Stoiber_0002.jpg,Edmund_Stoiber,Edmund_Stoiber,0.9359704256057739,1,18.379764137844408,11.803607908707692,10.541125134427613,59.27550281902029
data/dataset_10/val\Edmund_Stoiber\Edmund_Stoiber_0011.jpg,Edmund_Stoiber,Edmund_Stoiber,0.8657712936401367,1,18.40533071684955,9.430369476677612,9.97458283111229,62.18971697536055
data/dataset_10/val\Eduardo_Duhalde\Eduardo_Duhalde_0001.jpg,Eduardo_Duhalde,Eduardo_Duhalde,0.9053473472595215,1,20.42334018128588,17.273571391754466,14.70746598860453,47.59562243835512
data/dataset_10/val\Eduardo_Duhalde\Eduardo_Duhalde_0002.jpg,Eduardo_Duhalde,Eduardo_Duhalde,0.7516946792602539,1,20.317331866560615,14.920186971522968,11.91870278900369,52.84377837291272
data/dataset_10/val\Eduardo_Duhalde\Eduardo_Duhalde_0011.jpg,Eduardo_Duhalde,Eduardo_Duhalde,0.5711150169372559,1,20.386286791225615,14.403001617941532,8.622009514121878,56.58870207671097
data/dataset_10/val\Fidel_Castro\Fidel_Castro_0001.jpg,Fidel_Castro,Alvaro_Uribe,0.2731477618217468,0,10.784065239904619,12.961717437907692,15.77533080187283,60.47888652031486
data/dataset_10/val\Fidel_Castro\Fidel_Castro_0004.jpg,Fidel_Castro,Fidel_Castro,0.9520061612129211,1,8.921690526607327,11.194510262198987,18.852789701638837,61.03100950955485
data/dataset_10/val\Fidel_Castro\Fidel_Castro_0009.jpg,Fidel_Castro,Fidel_Castro,0.44123154878616333,1,12.288254837576407,12.667024227538702,18.739655744357115,56.30506519052777
data/dataset_10/val\Fidel_Castro\Fidel_Castro_0018.jpg,Fidel_Castro,Fidel_Castro,0.9594143629074097,1,9.396621039348128,11.014615824173713,19.379586188237326,60.20917694824083
data/dataset_10/val\George_HW_Bush\George_HW_Bush_0001.jpg,George_HW_Bush,George_HW_Bush,0.34473076462745667,1,11.505130694531209,8.210596115584618,18.442341021669222,61.84193216821495
data/dataset_10/val\George_HW_Bush\George_HW_Bush_0002.jpg,George_HW_Bush,John_Negroponte,0.28320473432540894,0,21.431445446758755,15.36663238605451,6.959473004422733,56.242449162764004
